fast drifting motion
2
10
7
#1101
10
#1102
10
10
+0.100000000000000
#1103
+1.000000000000000
+1.000000000000000
5
-1.000000000000000
#1301
-0.852524689703277
#1302
414
7
+3.252558472452922 +1.764300098897027 +2.038807164289316 +1.850327482039294 +0.306573914083399 +1.719453380963027 +3.133162502499058 
+2.666372361553161 +1.084751119510728 +0.957440170969166 +0.914154118627390 +0.254077133013252 +1.331102895228312 +4.234457932286408 
+2.937575182148954 +1.330458696289070 +1.910618512118447 +2.118719006614074 +0.194917409394985 +2.188084953425862 +3.626724862609008 
+2.645625202144555 +0.914889969303051 +0.525498251514409 +2.858770555121139 +0.592943524405079 +0.161281829998442 +2.282253588946128 
+1.835410114681102 +0.454149529248094 +1.102627995523719 +0.738441698096906 +1.699878271374900 +1.539257640657622 +3.790469413757350 
+1.784570787858310 +1.573972246248575 +1.129317316373204 +3.136937127928677 +0.354942653105663 +2.778791351923731 +4.572372093133267 
+1.778188108647476 +0.833893766261124 +1.660508728520224 +0.998618888941852 +1.251666942822555 +1.410791710936201 +3.102524954459812 
+3.599886869968012 +1.672384274192062 +1.284658360800057 +2.998624894173852 +1.838866942347462 +1.289996832111267 +2.793844843343390 
+1.661870688307132 +0.598515450120276 +0.531532385261913 +0.899851301335780 +1.612671204290372 +0.150745615187725 +3.699693170171706 
+2.389830997385221 +0.521390192934097 +1.347885628260189 +0.393823059670528 +1.317479330839309 +2.416883935147990 +3.338010799051514 
+3.941424994856351 +0.627428174878056 +1.287359159744925 +2.951000438331923 +1.196313866389683 +2.723512293747399 +3.681194114194093 
+2.667600667628738 +1.206294858152126 +0.126608990725774 +3.105758461145284 +2.488514805369307 +4.471076096550240 +6.408463582966530 
+1.061421540026677 +0.132685239041482 +0.033554154986103 +0.120766125053724 +2.025379267355492 +2.492886224648297 +4.383479961319704 
+1.590987422650580 +0.515290713047246 +0.736335622818924 +1.513514986402138 +0.850258693971744 +1.809197314601883 +2.702026546801889 
+0.837537790640074 +0.096790684001080 +0.995865369993721 +0.819723710474381 +0.700918805922154 +0.541284956471758 +3.024615385799776 
+4.307385590772669 +0.691310765758506 +1.761665353472744 +2.253973979581676 +0.569733051443729 +3.294919491471897 +4.419435268986986 
+1.844760133731309 +0.770626580322013 +1.694241567979559 +1.328623428201253 +0.636404653056627 +1.106382981430632 +3.249221832046323 
+2.489107484930401 +0.949770071978439 +2.039620169404027 +2.171536902434235 +0.406207719348824 +1.261409380480658 +2.771384646323771 
+2.117083369743060 +1.139796415921603 +1.099560639113324 +1.836899949826867 +1.769923029658192 +3.349178893166655 +5.478194959838489 
+1.722293995604619 +1.394574876387099 +1.876881665947117 +2.130934371372874 +1.328908943228494 +1.067956848216983 +2.733851820177045 
+2.605827866086272 +1.234083099027164 +1.449823215742388 +1.366675347107388 +1.073949801488797 +0.262252150138851 +2.579267108172078 
+4.041549816792950 +2.310087440782650 +2.637444603264522 +2.610872973710775 +0.312917409581434 +1.416347113268424 +3.149403288785901 
+0.282716640069035 +0.019629965627826 +0.719570109536989 +0.975513503556477 +1.390724117884709 +0.073392404531805 +3.245718701670784 
+1.828440829421007 +0.738788480567355 -0.627149507276649 +2.615816531215913 +0.831292688409295 +1.060904693942962 +3.214506251583414 
+1.986279990623145 +0.777474071852970 +1.678568447365517 +1.304243869423183 +1.863869714877649 +0.203173259127390 +3.343297527553758 
+0.748271443589729 +0.190479821243244 +1.950335303957635 +0.073567705274082 +2.787251413354736 +0.066305511540884 +3.794219566496273 
+0.695456264740672 +0.072828064204939 +1.234051801836455 +2.774773285272770 +0.374858199339290 +0.137040732123832 +3.308370235621529 
+1.642152622080425 +0.427451129823747 +1.776413366549861 +0.355963060102421 +2.180648865363613 +3.954140813448759 +5.271984429107263 
+2.804861185745920 +0.897788774264420 +1.552943441621115 +2.598126869523727 +0.277928597814185 +3.354571932777554 +5.105135840629367 
+1.276812013253546 +0.322322526764503 -0.049532744921449 +1.939345837116265 +0.055027514090047 +1.199321329300365 +3.768818044748873 
+2.088661469790150 +1.966824853133805 +2.845921475398344 +2.660256924954129 +0.698624739455257 +1.085464009746435 +2.715968503150300 
+2.141123406567770 +0.422300877617429 +0.975665327848274 +1.059997334631214 +0.385803373668109 +2.026543737976413 +3.609026093281599 
+1.048189533937228 +0.262293122624870 +0.169602286882583 +0.775295357108469 +2.299811913471927 +1.363629576046899 +2.449914816729343 
+1.143562550044663 +0.269788067224176 +0.515099014826088 +1.503071517193726 +2.358272026406568 +0.757006200468875 +2.869689187991589 
+2.474262507032432 +2.369978203253968 +2.285632195555811 +2.992842495243120 +0.151436541925780 +0.438422847053528 +3.030479313577376 
+0.688924958059055 +0.103690302507535 +0.945676940145600 +1.207113542511043 +1.907128157322607 +1.338932822182860 +2.955706633844803 
+0.765911532278212 +0.130755284638746 -0.322138132866552 +1.240532151360385 +2.577349094805551 +0.708713890663768 +2.603261549268366 
+0.838193766528367 +0.156339667489089 +0.449316590871055 +0.080422307645415 +1.546250402836351 +1.257614836302087 +2.678160390141904 
+2.243574459532951 +0.812648402966805 +0.607074211913943 +2.407729325037658 +1.473742515777622 +0.297245819197342 +3.639272381097519 
+1.883586001334348 +0.857857481645822 +1.138095679504466 +1.327753320252832 +2.595548978730806 +1.638070058964429 +3.635941031535372 
+1.397465357095621 +0.406220001215977 -0.347451229295165 +1.900800189790387 +3.750186531873562 +1.654115840202608 +2.879160791171294 
+2.484026157431313 +0.785531052482575 +1.712165894047668 +1.778590145847076 +2.315515499574464 +1.681237189949899 +3.360178588491382 
+0.114221791189376 +0.006184069971436 -0.229022844491929 +0.436837813521999 +3.678148516286078 +1.396130700900036 +3.329355480480065 
+0.809923459706314 +0.143661144099891 -0.243359442955562 +0.344657583918565 +1.592712467138452 +0.227821195152904 +3.010823796754340 
+0.058679592522187 +0.001604471941487 -0.450892343305098 +1.960697605485755 +4.112836622972593 +0.461955640461585 +2.880063213986369 
+0.595899517945253 +0.295786557666138 +1.237178269834187 +2.620799687262659 +0.298340019512012 +0.093774632846995 +2.844950530020699 
+3.689351377741166 +0.891609794255213 -0.157349712102863 +2.361111010391125 +2.057237744150866 +0.602338143422976 +1.956997856099139 
+0.448924978950976 +0.070488004962438 +1.219931567538607 +1.158571423880906 +0.297581066531785 +2.305964889370367 +3.928563483885673 
+0.659802761587149 +0.076791585334319 +0.670975399969786 +1.312506478989408 +0.864119514060891 +0.295022680321260 +3.197800490240292 
+0.859835178734162 +0.167452506151503 +1.409782514583573 +0.673532387091507 +1.601624550707801 +0.522922770302280 +2.303528066029491 
+1.751119101000699 +0.739036868394061 +1.445776857192863 +2.146906753582656 +0.670116853493949 +2.004038915715506 +2.920081374790536 
+1.044633699939886 +0.226968719009177 +0.015475811584982 +1.688687105819943 +3.087992084925063 +0.839680710705215 +2.664280841108147 
+0.358694428424463 +0.021054612083741 +1.338399865647926 +0.168147961863702 +0.509699701964985 +1.275616141508003 +3.135613282270927 
+0.528229306400248 +0.065666017486791 -0.601661395180689 +1.549443623070325 +2.041141925171161 +1.888271011455676 +3.478623427451100 
+0.505981573741690 +0.036613846665055 +1.282269520805021 +0.158640666895533 +0.777906453283451 +1.126924889025843 +4.066491659576455 
+0.690140050855039 +0.070796822637741 +1.170294054431045 +2.714832361712377 +1.683895959148324 +0.125318531553611 +3.051039788673890 
+2.400453393846591 +1.124297062602674 -0.197351279721854 +1.997273586972101 +3.992260975432953 +0.431633263671208 +4.150057224411358 
+1.999365388648371 +1.412083768906271 +1.660681390012344 +1.958737690393969 +0.872293110367222 +0.736679227629150 +2.540662542668592 
+0.446629158177720 +0.062412296436982 +1.211484486984896 +0.002004537064924 +4.068723051181800 +0.652784939657166 +3.048518601268239 
+2.956010940487062 +1.243268541743810 +0.735932257396234 +2.315670510489289 +1.001598276504470 +0.513174987880105 +3.149658390168808 
+1.610242599057022 +0.246537559768601 +0.904869142300763 +2.079309784588472 +1.740903748257462 +0.308456891039468 +2.945169165433935 
+3.578795946252455 +1.668633775485768 +1.499569323658069 +3.049214281303983 +1.540579351314408 +0.285877666644736 +2.388960060168730 
+1.236740547262195 +0.530381833174890 +1.131600923776143 +0.242932018338270 +0.670533026742004 +2.503203226797436 +3.749560339313736 
+0.213665217245172 +0.023123595379576 +0.325021387311094 +1.335925274342803 +0.357136249996283 +1.038799240548002 +3.183749744157496 
+1.411572712661031 +0.477601939400212 +1.356640187759806 +1.482382293507706 +0.180565137902068 +2.865666126812146 +4.034659636196270 
+0.589236550479463 +0.431528234081597 +0.078402019566383 +1.616320336333175 +0.547843012004435 +1.196511372205050 +3.199924727776158 
+2.319689309439360 +0.863724294638620 +0.319389955831120 +1.733820886510135 +3.820458010441074 +0.512048593522889 +2.568358397847461 
+2.943170352908622 +1.116893753725800 +1.036127063055389 +3.146158419773934 +0.039907403807816 +1.118240172323348 +2.401195680713370 
+4.455414630827316 +0.787977343450444 +1.057799819440908 +3.151617429685987 +2.174545841585914 +1.648035687834358 +2.593788826014436 
+1.532234534390015 +0.754683661779853 +0.198707009630915 +1.637897835473795 +1.406569837698137 +2.551618071042819 +4.122627423929038 
+0.954733546975379 +0.336999765721412 +1.638803726983176 +0.176125097641137 +3.298319540265402 +1.048186150120984 +3.785708272086017 
+2.849141067241180 +1.743396681775579 +2.187358338046413 +1.412111732482372 +0.994103494506303 +0.404765284140678 +2.821164162237161 
+0.854846205899273 +0.366222933261472 +1.811807767684389 +2.479698379498759 +0.148909955164526 +0.604580375417420 +3.005559522363836 
+1.324437904310418 +0.362175152254508 +0.889799256535831 +1.671142402649177 +0.014774778024856 +0.279480255022783 +2.324617350288237 
+0.331570038619282 +0.033057247382896 +0.538256697753772 +1.347133869104875 +1.257373391339826 +1.432535176179345 +3.231575765372256 
+3.324707716413548 +1.059045094505781 +2.071953903546577 +2.767186274253289 +1.331488020939944 +1.639521723544451 +2.572755189803227 
+2.141862987299561 +1.219749316244998 +1.788532823731730 +1.886321973995416 +0.692724959326903 +0.212546462149126 +2.037627207997688 
+0.339252586651416 +0.059718113701362 +0.626703055215212 +1.811337532382734 +0.362311321713586 +0.286858066313454 +2.824456497502505 
+2.122350973619569 +0.435878769040596 +0.470078470327233 +2.005693611649852 +0.334364461630121 +1.240543935693933 +2.609626395136290 
+2.882147826781263 +0.744700452048039 +1.407409417847550 +0.739192433153361 +0.958298047453983 +0.619989422462180 +2.772670171667734 
+0.872368313587488 +0.119328007556291 -0.211270022046093 +1.387010182908847 +0.113421351277445 +0.797699145181256 +2.372211950168555 
+0.775451153767144 +0.101702827518002 -0.851058258142371 +1.991890113576579 +0.924580364384457 +0.782587235306967 +2.505923550922767 
+5.430192502517871 +1.005648825064295 +1.790045999123082 +2.373102030843589 +2.903959350312721 +3.930169747714741 +5.369041842439477 
+0.950455252225384 +0.345091066786271 +1.412651582669595 +0.641683989238262 +0.948766439622302 +1.187563766612516 +2.786699496671348 
+1.608656223456636 +0.686474260815947 +0.871707291047002 +1.137146087351110 +0.823689135091960 +0.926237751814269 +2.827158922900414 
+1.932324163756682 +0.808367150997638 +2.955247839201620 +0.431332082204001 +1.815309766261459 +1.760468236469647 +3.613180199934399 
+4.543233991900675 +0.688702912090562 +1.506653997869341 +2.582685691168929 +1.704315776029993 +0.932106509250185 +2.130358344753349 
+3.705138601096495 +0.927801849751695 +1.342921593315615 +0.464612091240176 +1.305074254031295 +2.885195244809216 +5.813588225876746 
+2.531408716973544 +0.293150375642716 +2.468836077934791 +0.532276196621519 +2.925346783909151 +0.439565296102732 +2.927822496805529 
+2.077213089305300 +0.485028093084543 +0.981669634429934 +1.456361866618868 +0.052458665924633 +3.465477849383651 +5.264206825577502 
+1.364686749216263 +0.672044451732002 +0.216111566941736 +1.477156743216371 +1.610475964326102 +1.940991290955717 +4.219411111969869 
+1.665429402475476 +0.488967195358749 +0.593356348187790 +2.297754143288924 +1.140523588853040 +0.813046296943175 +2.520897492524631 
+3.035381996502398 +1.237412346779781 +1.436870852139964 +2.384825640594209 +0.033352298241332 +1.512120400303904 +2.950155476257850 
+0.628489286856021 +0.100246730930738 +0.150385487111239 +0.443539731101062 +2.191270122886981 +0.774523678735102 +3.211938709556247 
+0.669836417258740 +0.135446030740562 +1.612697100122752 +0.003880763172101 +3.202976334245156 +0.631007408934834 +3.560219164367385 
+1.515036163116621 +0.216925444598500 +1.376522435637027 +2.516945321301109 +2.904061442866257 +0.346997716908943 +2.565773101966153 
+2.351725474292155 +1.662154518521185 +2.094649107526553 +2.239687346717613 +0.618945322117517 +1.458306137696651 +2.523069007670115 
+0.270065095434917 +0.032527116665490 -0.254016904731639 +1.888235072852491 +3.977517617522985 +0.386499121996731 +2.660201467131841 
+0.987469722075137 +0.363091865785496 +2.080184179142246 +0.699671264151899 +2.266082382616245 +1.380620699077153 +4.270534119789782 
+1.184267312507275 +0.380272483453925 -0.440448652615017 +1.452204744259818 +1.353806126319961 +3.105446634008671 +4.346291483147747 
+2.622216474178262 +1.089237519533032 +1.351117096726379 +2.171597088085210 +0.667615838577929 +2.032643127970058 +3.250226353494581 
+2.186423282576329 +0.740888308479328 +0.230533990026244 +1.751662041204257 +1.390665874388691 +0.507842199442119 +2.394014541377803 
+2.149483266486912 +0.978697451027118 +0.716459111296866 +1.694590408011404 +1.227053851986002 +0.651418769406016 +2.614142365324615 
+1.390839131915562 +0.466570425360578 +0.509476432723704 +3.001942087135568 +0.841762191533152 +0.810645064542675 +2.411884585295558 
+2.427000700400375 +0.871976807413801 +0.555050989913818 +1.940138979386400 +2.644316301564215 +0.393823073079979 +3.056538319021433 
+2.533883154432945 +0.932530849425532 +0.600566491227326 +2.970344461926387 +2.320444180857910 +0.981832901516615 +3.110793061345011 
+0.570384360605466 +0.053866061230060 +0.689977675576261 +0.285511892564212 +0.642599992155232 +0.934727930837445 +3.397878070811852 
+2.556674314062291 +0.387717248382130 +1.307769890200718 +2.058744355297482 +0.838470905662349 +3.740462073310939 +6.368230394075724 
+1.724595396031708 +0.314841109325157 +0.027725365085138 +0.203016614332207 +2.130503364123782 +1.165889978207977 +4.073244310687089 
+1.216803199939396 +1.755607561182050 +1.160306107378312 +2.685367402391794 +0.369945456652763 +1.371509255999802 +3.874773303104800 
+1.595211641597010 +1.381487435693859 +1.150068475771905 +2.998637478541200 +0.412533603315571 +2.845843991403288 +5.827673550383046 
+1.996691566701338 +0.787519471110553 +0.042455839559582 +0.484086278157612 +0.093864778099279 +1.291684054346696 +3.299473781704988 
+5.005671093403559 +1.113859283471377 +1.139222432667816 +2.209293105710729 +0.296744600566682 +2.942377213617636 +3.816962308815225 
+1.703254391780578 +0.567646302610579 +0.105650532897574 +0.321720616918816 +1.647581095268563 +0.045053222049971 +3.124175525070295 
+1.047649054482673 +0.167356011496575 +1.188435261002578 +0.058567041836410 +2.190667682813432 +0.470604170985098 +4.883313671492891 
+6.145429926365037 +1.533063256781281 +1.110329990696329 +3.065061859809997 +1.077592596365716 +3.485493214008120 +4.832308001021397 
+1.434253263033593 +0.614964361588854 +0.098125547567444 +2.701647314217952 +1.731637461599411 +1.326194562447838 +2.705850644107908 
+1.099897630578707 +0.387592994526052 +1.652932330938437 +0.172556318807247 +3.165021850566265 +0.922742785930616 +3.783414390219286 
+0.467518157426217 +0.138978405635294 +1.954944057166010 +0.742386553732543 +1.597521416597251 +0.746498300217430 +2.354042918880121 
+1.463129611360836 +0.490714504824338 +1.214385460398387 +1.135301437322258 +2.113615603390096 +0.537277787117162 +3.806763432164365 
+3.356239572428629 +0.692390302021636 +1.369166502370747 +2.548820707167943 +1.173204636344502 +0.522665741681634 +2.117201431761876 
+4.370457036020232 +1.142948188598729 +0.755647703839720 +2.736701198704265 +1.428664857178569 +1.119670391995597 +2.399408980491465 
+0.525939400314508 +0.036913291771032 +0.180622808230219 +1.156393267384274 +0.209602418003540 +1.168341539939725 +3.279696991574121 
+1.900803745424390 +0.696123122108012 +0.157273609748453 +2.301871346013074 +1.722622927552339 +0.220804321131221 +2.303236281890354 
+0.559633005088447 +0.064734400978376 +1.385752328005892 +0.265429518344491 +0.165775309771696 +1.778949631357351 +3.835319045396054 
+2.145583514209528 +1.047969013490308 +1.431839721466995 +2.309578389603067 +1.193149719753852 +2.566693987757696 +4.642199517003260 
+2.786220179789599 +1.096942360595075 +0.540333226612240 +1.982606543641803 +2.656925392596424 +0.240463919737088 +2.434263263330449 
+1.579952585145614 +0.315697100684426 +0.029491054624177 +1.322978675603990 +3.309799672684854 +1.216710064836535 +2.698675748352779 
+1.232754600954300 +0.232372213095634 -0.797770003798910 +0.210998625963022 +3.315759369145773 +0.741169805204015 +2.887820574813862 
+0.852662248891426 +0.129920861578572 -0.333384087371051 +1.143758309887911 +1.079154845494710 +2.142529547287063 +3.448779517596682 
+0.561342870422195 +0.072658834915359 +0.505315725891169 +0.242160222436662 +1.349677923958780 +0.201756059997319 +2.836027517384522 
+1.340931710179171 +0.577719836007480 +0.782336120898720 +1.930712866991915 +0.863284887440651 +1.945209052681265 +3.285623549731152 
+5.352483491196232 +1.105740945615413 +1.351412482696780 +3.232673441441227 +2.867849773185188 +0.180165274634722 +2.023719192095252 
+1.028429409232828 +0.441340248593580 +1.582035307740631 +0.493149790872380 +3.869743244226675 +1.014429132718546 +3.091302766228363 
+2.741023487575194 +0.914480554122082 +1.205816871771896 +2.371408730227107 +0.446544823418237 +0.332962896627659 +2.124363598231650 
+2.032302219397092 +1.882805932580460 +2.035671116474207 +3.006381067285332 +0.649915957604810 +0.117722456569499 +2.564914212835570 
+1.523034892463417 +0.458212607391437 +0.641282400575020 +1.606398715948617 +2.284296066326778 +0.569326153563571 +3.004281611827720 
+2.493287482214396 +2.255852611975022 +2.398283567501750 +2.263641798772168 +0.962517257257026 +0.843273133748764 +4.101840403310197 
+1.293417412222779 +0.424201597048116 +0.951329536475185 +1.445495127478136 +1.378497156525127 +2.224638830962955 +3.690975035022422 
+2.012641288263249 +0.809689549994478 -0.618587420186845 +2.097702439724471 +5.077711557260931 +0.202287524101287 +3.719362402753487 
+2.685773099216243 +0.882788329062887 +0.687798717663631 +1.273432156043503 +2.137893650735716 +1.170111762969767 +2.882751390390494 
+0.781682968453370 +0.757764793783920 -0.581852018472150 +1.783633978393964 +0.897665691878831 +1.873573104004327 +3.729567529290368 
+1.043282709249601 +1.326980709505737 -0.200430294356068 +1.948880888842601 +1.226297236598423 +2.005224712187490 +4.710601834944933 
+0.681105637614417 +0.126853752429522 -0.248625853597761 +0.496203451462460 +3.016185919396329 +0.866989215801137 +3.214289572045181 
+1.103284189757238 +0.431259347867071 -0.098368345834028 +2.116499696203656 +0.397970886878596 +0.605882356159928 +2.801017143563084 
+1.402741676256188 +0.332612588533659 +0.021334926486321 +1.703535903721355 +0.414702692730705 +1.583376124485812 +3.166495467006951 
+2.195425426719539 +2.533462591548707 +2.787498247828844 +3.045045479472325 +0.199361689551581 +0.208698602240843 +2.996579702227298 
+2.487509415384660 +0.972806022886236 +0.648196845494829 +1.803819576068408 +1.342032200438553 +0.366026244976151 +2.193359997311381 
+1.561676361445774 +0.366611305197411 -0.156272102232457 +1.588287327822568 +0.182387675357207 +1.305535412618176 +2.622739749329343 
+1.231116589629750 +0.331692925644808 +1.583169211762774 +0.027793942167731 +0.982860111623072 +0.331752002696744 +3.599920146055846 
+0.502279623397007 +0.033750956613612 -0.444630575588046 +2.024788190511168 +2.028700160896614 +1.702996368988454 +4.009424967858680 
+1.154402447764142 +0.233812803711439 -0.270855815362661 +2.333447490264589 +1.765198226316637 +2.121580961002086 +4.235052771960983 
+1.168039429497367 +0.351301992606595 +0.549570170895401 +0.241020787425721 +1.221378465658604 +3.126649754100256 +4.870643754243296 
+2.329765899741985 +1.247810006932774 +1.573352757946335 +1.085872462910085 +0.088121958401352 +2.784464900517380 +4.870962634793051 
+2.890189672912049 +1.899203841541629 +2.289803285714984 +1.716599199514057 +0.328339970002509 +0.431338136141743 +2.559232733667293 
+0.861434927961398 +0.119937408478979 +0.464981028524515 +0.357059073982531 +0.430753480983956 +0.703585694511291 +2.812322044722109 
+1.393255660812305 +0.488152550806623 -0.510478563469575 +0.645014816074324 +1.266310119561069 +2.818289426574247 +4.955586163334788 
+0.810571474994095 +0.101877256897487 +0.958413242435342 +2.452353285215865 +0.992421288475829 +1.072226815666075 +3.138727411025004 
+2.604312107458786 +0.883095108455718 +0.540438550910985 +1.195356317030147 +2.974416549094607 +0.158806214585517 +2.482067875957353 
+2.557794184094741 +0.829105598454620 +1.722651411291538 +1.490283519766001 +2.234113157742369 +1.732076867085732 +3.917479041116033 
+3.050847086125278 +0.595008907346608 +1.473304535928987 +2.359912839334203 +0.645070404424301 +2.721361483839434 +3.952031515343304 
+3.045070954689098 +1.311877704070117 +1.801731032757711 +3.014105666795538 +0.272374759114852 +3.591456501713517 +5.168549621570997 
+0.305685021173565 +0.017941626135752 -0.594815053501393 +1.670117394358714 +2.026124499688396 +1.991311069579199 +3.343598256133087 
+1.569474072322628 +0.276993264886281 +1.492801938960849 +2.834868911060613 +1.878986606104407 +0.907814798036179 +2.584948936256153 
+2.137112134569916 +0.773240214481463 +2.038053142005610 +0.710183446438909 +1.985172966949563 +0.395248707233973 +2.585985799598364 
+1.514715138178729 +0.446983240276999 +1.904036298282993 +0.600133832845901 +0.516101225030307 +2.383521133410442 +4.305053187684314 
+1.790437001949150 +1.050013834035887 +1.831382621354041 +0.843645989860587 +0.774201804347552 +2.082433980768066 +3.498543860695233 
+1.567554945269338 +0.497890591188137 +1.792627325267347 +0.626827966688068 +0.346633097229479 +0.105395393255341 +2.405556340013801 
+2.613336556521782 +0.480699027368881 +0.038622510601900 +2.409483090092520 +2.916309097168817 +0.517083528286620 +1.938982789015346 
+0.702757770050315 +0.141911308391804 +0.530592554625522 +0.055956763681656 +0.715221182632478 +0.206072841043493 +2.952485885159525 
+1.236013325239249 +0.101733284704549 +2.040009304192406 +1.590344402142801 +1.933030620134497 +0.324008471508623 +2.673242673732999 
+1.424408002190391 +0.654477664485592 +0.601759129883432 +0.654963213423131 +1.249375071884765 +1.927129502324359 +4.161002729571415 
+2.881132390552697 +1.374852472977776 +0.728023820977899 +2.607095392354982 +0.585578090436832 +0.276591973370871 +2.603980842589316 
+2.422500374725642 +1.024925412029664 -0.304973814431772 +2.474661544595882 +1.661633908361723 +3.823384620086010 +8.010479209072010 
+2.301129812010118 +0.836319810698320 +0.284084724567777 +2.171805282397478 +0.672548863230867 +1.157239594884080 +3.085357925313458 
+1.389962063723648 +0.578834080758405 +0.847600838703659 +0.740123291278817 +1.125946458151887 +2.351126914926601 +3.512899713177353 
+4.399931976436465 +2.085199097494222 +1.538052688171959 +2.710258526552944 +0.512684659694117 +1.792078280205928 +3.694498515827079 
+4.532671029424894 +1.196692382641176 +1.387289883014472 +1.583532971500659 +0.043705991780951 +3.654701917919925 +5.311793449513291 
+3.617554931104793 +0.850351004252181 +0.345560982301246 +2.258600076112604 +2.621629305124528 +1.648607801816214 +2.431531528163352 
+1.386055922193210 +0.374668449043728 +0.085597336534409 +1.724019857105174 +3.237086973464414 +0.071449113167100 +2.651014573534940 
+4.088665539145401 +0.553392005910007 +1.704912333447623 +2.569186795590400 +2.667773357304008 +1.213692085647329 +2.294032013574410 
+1.990553948607240 +0.606779870585127 +0.189575620626951 +1.070952766437123 +2.994759496296445 +3.375820705274618 +5.296270417765745 
+3.289088514461127 +1.088983763187799 +2.187059542293749 +1.919056464719428 +1.745098069327863 +0.046743249000146 +2.741959180906783 
+3.010476810519047 +1.147184738203143 +0.966268935807901 +2.208350356321888 +1.277721897909929 +1.691398239961960 +2.753348880980468 
+2.421570311831156 +1.287754838304301 +0.593383887213287 +2.774607816332064 +0.691531614019202 +1.249050323255599 +2.683857576844451 
+1.288544095768245 +0.319499103783661 +0.495642225887353 +0.571228733665940 +0.592083336988315 +0.175291110241442 +2.737730844666134 
+2.267046026030451 +0.852097769444091 +1.301840975837099 +1.627217139588246 +1.425402126316294 +1.353840360252508 +4.001939275220235 
+2.351704509492730 +0.687121812175764 +0.191696473653364 +0.861984955253539 +1.440032876108931 +1.624935042139593 +4.489515363170179 
+0.618186769862624 +0.144699563701917 +0.794239631233277 +1.465787032643566 +2.236508573519813 +0.487351246131461 +2.165733033056033 
+2.896309077052511 +0.891058009264213 +0.489052449661906 +2.169477983597213 +0.187993720994288 +4.132589402755551 +6.779117046901894 
+2.112339230078522 +2.179386247457044 +2.224274087200669 +2.872367323212331 +0.930492063247242 +1.068848202037405 +2.881376773625751 
+1.455088317649954 +0.520670715624588 +0.964180112208637 +2.135351216999057 +0.109470665966415 +1.173288506172274 +2.186264032303896 
+0.910123707466778 +0.134979614168211 -0.760567275050702 +0.311778578756696 +3.458566415200124 +1.253283947990751 +2.796180127979423 
+1.494091504863706 +1.308883736614171 +1.865678908363466 +3.147875917977041 +1.217666707245006 +1.234227715393844 +3.042901038156842 
+2.908582611073706 +1.263587568765762 +1.402776462363446 +1.791958570756248 +0.251450787568337 +2.235571596939055 +3.957630586271658 
+0.601664847439107 +0.060259011393027 +0.597775051072528 +1.727423205225951 +1.057643901749113 +0.940201198672073 +3.196013268771731 
+3.385018820994001 +0.898564406310294 +0.274458628180002 +1.953184613765452 +0.510031499854967 +2.722306126879295 +3.558871604038230 
+2.019829855794512 +0.792666040029693 +1.875173744898625 +2.617336288915193 +0.713144546956507 +4.239497730206260 +6.734678729694318 
+2.244084366384048 +1.843146748102326 +2.137158281216506 +1.801150512353285 +1.760216134171144 +0.409351071715062 +3.274891583835334 
+2.418339687510321 +0.300573358771390 +1.622848354934560 +1.131933601167047 +2.384362415949164 +4.302945815640513 +8.282304592668188 
+1.507100077945397 +1.011477197080069 +2.274122366431059 +1.775619211126175 +0.756416773269580 +1.346279912598409 +2.982081014708541 
+2.133515945865466 +0.434563832867612 +1.410219369618562 +0.098148862403364 +1.233251493414327 +2.104097972506017 +3.654856729271647 
+3.321577157971147 +1.501978362864494 +1.892572707348124 +1.606477669230498 +0.013196681654616 +1.893501992587564 +3.274538450198660 
+4.638981405571863 +1.299545069813119 +1.752747124139968 +2.431929944951801 +0.142453779976378 +1.533670930490650 +2.536562904682572 
+0.323233811230210 +0.025043246892868 +0.448479389471888 +0.835894603067042 +0.636189517756280 +0.816812509488665 +2.797486786670288 
+0.454937895253287 +0.039510887883288 +0.855400348527435 +0.339816415740731 +0.646874808392523 +0.309716498706211 +2.394571998059320 
+3.847610582912278 +0.650402210089892 +1.672560182237154 +2.994005149583579 +1.779213759654403 +0.369679753713822 +2.162303912406670 
+0.999490160438947 +0.141195157692651 -0.248511586662429 +1.372567141257351 +0.881776222872705 +0.492364087307810 +2.257725235635540 
+3.152164890530976 +0.371951621949025 +1.696836135372562 +1.578555149756623 +1.041222017942988 +4.045560106308610 +6.567926925132666 
+1.594380485586325 +0.372501683580420 +0.621179908591371 +0.185734046592904 +1.123663113480034 +0.693597349119203 +3.216443321001954 
+1.702571741725708 +0.567148215712221 +1.116968762373392 +0.616126514201173 +2.871762815672507 +0.739381458382763 +4.226943189903872 
+0.636609970381345 +0.058587615562332 +0.044348917963666 +1.513961745008387 +4.263688438488877 +1.452229621566122 +3.078734660285818 
+1.318628859262217 +0.335172547694029 +0.878739577395880 +1.167147659366170 +1.197075707964296 +0.957000283391679 +3.302141520004978 
+0.588197931107333 +0.116488841246831 +1.771464199878552 +1.398356329804034 +0.065514470731954 +0.276932299584113 +2.782602656166499 
+1.812639044035886 +0.923669328281271 +1.099898152052116 +0.991211140083668 +1.778595038832023 +2.180311084387338 +5.996638791464767 
+1.304404705422892 +0.192416388323177 +0.006925709951193 +0.125665782698668 +2.188770838324336 +0.657698828766432 +2.810229544453266 
+0.516143721387448 +0.072678794029177 +0.120659068512830 +1.057179840940119 +0.534223453268578 +0.272530891460229 +3.009725337064086 
+3.393544767486770 +0.807463381717615 +0.292435205284943 +1.625152633841533 +2.804462429237781 +5.139197826528949 +8.445100930273336 
+1.729326115794906 +0.275059415508996 +0.835221770224425 +0.824142663096086 +2.177675255080000 +0.331442799475919 +4.533191683401790 
+1.634996868461991 +0.267762001518126 +0.979684755978770 +0.400908109245301 +0.052731854222729 +1.328917468161446 +3.244891898163314 
+1.954201658449965 +0.779022685283012 -0.487484469681457 +1.164291680178393 +0.703565473092213 +0.049028129463870 +2.660033814638316 
+3.660396509225448 +0.805576526563795 +1.366186421567875 +2.625580930726408 +1.309758440834037 +0.509727256149852 +2.053285253266866 
+0.889563474249614 +0.169374273471560 +0.648400882892979 +1.573971720211929 +0.160714815870836 +0.526801834630144 +3.213937193870647 
+1.037258051136288 +0.409068166514047 +2.073683594897723 +1.682604922025975 +2.236938708330840 +1.151633042960164 +3.491844734837501 
+0.469853889372383 +0.095945103772954 +0.031111923158418 +0.527788152600376 +3.699245724925100 +0.352999477337776 +2.740220213966286 
+2.238460423633853 +0.375395690531512 +0.183572925750922 +1.899775303651445 +1.864213654443163 +1.612541094491935 +2.476651774871352 
+0.972150256245587 +0.181366999409242 -0.532538460475821 +0.420597935706253 +0.954151765325769 +0.899706472088581 +2.897883371057176 
+2.419179222284052 +2.155858859323335 +1.204127205887606 +3.114697426767885 +0.597522125678332 +0.097605733220056 +2.525042151413842 
+2.229664833417899 +0.339970836108895 -0.085671520617515 +2.555206398037064 +3.560046272108163 +1.436959220794698 +2.380037690352406 
+1.422710669809288 +0.463886743185832 +0.855293626382769 +0.880170185265934 +2.760949481711342 +1.550546621462776 +3.354020009853225 
+1.748043835331881 +0.940588892218167 +0.181626731456901 +2.410554852251752 +1.844554377977786 +2.425782176329051 +3.765489965294876 
+1.146553617831888 +0.148271626976375 +0.540046314689306 +0.583985634050367 +3.891410340652158 +1.455602354873842 +3.187473982943195 
+1.589952428017114 +0.365422584820114 +0.449336650698033 +0.698371746768448 +2.063701905829221 +2.081931334646051 +3.580622057742700 
+0.852542082205822 +0.167388737648098 +1.933260357558893 +0.287526765529840 +2.393998152299772 +0.219670846952537 +2.542484682480212 
+1.623787797845116 +0.608413834412491 +0.802958991975709 +1.656691179904950 +0.321761808192944 +1.486899112046551 +3.443640099177137 
+0.624745575397721 +0.119140184011276 +1.188204701261533 +0.031204804472046 +3.797787817425026 +1.053111924271201 +3.258216518261924 
+3.376813347578935 +1.099555857002823 +2.069069702831499 +2.912366857774440 +1.406436859769520 +0.535825031786999 +2.049221307729800 
+0.539100840942483 +0.117817057217557 +1.351426972337820 +1.545743119623876 +1.232716911518103 +0.166411403147825 +2.678749384724997 
+3.294116641974942 +1.542033158786544 +1.426339571416407 +2.762136697873093 +0.641939705092074 +0.075341556693122 +2.677536416906070 
+0.425155886701996 +0.039940979996064 +0.182979978772555 +0.537864539381722 +1.692940965626033 +2.315465887848405 +3.734509916611970 
+0.611940633689520 +0.073375842755360 -0.693898728819965 +1.297142763594809 +1.645517926717320 +1.184232211026222 +2.500954766395743 
+3.525674174414515 +0.525768226752486 +2.404928197614322 +2.812368268030806 +1.726163475810198 +1.194667022363639 +2.678829994312819 
+0.514021021621770 +0.075562378396935 +0.888723905130886 +1.505576393644820 +0.948506848962628 +0.250142780036071 +3.596255502534564 
+3.706052819550620 +1.964314599344086 +1.283338993278615 +3.062047416637829 +0.270768561723741 +0.535811012519236 +2.911486420486540 
+1.875524649944200 +0.340684902036438 +0.893475934805005 +1.298683157693484 +1.502225296699230 +0.012140265098594 +3.636481152134752 
+0.914185157937751 +0.283574279799636 +0.871820449555919 +2.334058997087777 +0.774936795147683 +1.249605132208500 +3.092010203614208 
+1.707086228720047 +0.959972142136615 +2.187955256493587 +0.373811009109996 +0.730481814191399 +1.332545177579777 +2.979984141840286 
+2.251306045990046 +2.070866309055899 +1.529253960832181 +3.008949448671818 +0.205847525436824 +0.186951218976468 +2.631918499555177 
+1.836310154559855 +0.674151991717979 +1.326246419132420 +2.066967232107927 +1.590165621932008 +0.606904163568174 +2.181185390283154 
+0.924697586115165 +0.278125210534964 +0.985220645104382 +0.758569296329361 +0.898304662351531 +0.381559266320672 +3.291675586376927 
+1.742108510202568 +0.543289299973008 +1.507775378450627 +0.041746455557958 +0.937546405287524 +2.538906290441103 +5.120748335099021 
+1.461749889221066 +0.782006395951825 +2.272042158873036 +0.815921735116540 +1.708827724699790 +0.928681365275183 +2.158490846355992 
+1.628584152774536 +0.775938577289954 +0.931679471297953 +2.224868879062098 +0.237534870847771 +1.663576698739040 +3.662526491967403 
+2.137536756421763 +1.047647894343073 +0.595327992810266 +2.811905709041594 +1.160850960444479 +0.512713377544132 +2.424915270090226 
+3.168621854944796 +1.389661765045517 +1.689017209495197 +3.042368410693875 +0.043913327557289 +2.310318663445909 +3.315657093558880 
+0.885844644604584 +0.114747006240170 +0.806085000425428 +0.195822467132153 +2.616247771763614 +0.427388708631391 +3.186446410136113 
+5.163052787889991 +1.030182330266587 +1.692330915414008 +3.210292360151269 +2.725415717124544 +0.770649708263762 +2.166335708333341 
+1.293309774998041 +0.415192813037452 +1.210253209196600 +1.754633900495081 +1.912891515650377 +1.685970416210181 +4.318913327118348 
+0.460947596611980 +0.073062668330667 +1.628328768123809 +0.487441465080482 +1.467802504118364 +0.438488514288364 +3.550587026571915 
+1.273203183060849 +0.396717225571175 +1.482599046584661 +0.508727220582219 +1.148534654034990 +2.441070913762358 +4.211453081155175 
+0.662962450417530 +0.372373508589542 +1.774517230042341 +3.117216775014828 +0.565001122675539 +0.105401650632820 +2.736334067474468 
+3.010931006261454 +1.338137053990616 +1.155860030538153 +2.397189591794811 +0.483280591643939 +0.415929074279868 +4.219496371700547 
+1.891489222210334 +1.360979698718490 +0.731045607692251 +2.961028863648572 +1.013974769818338 +0.435557761997336 +2.294388888595897 
+1.632655663523848 +0.375472047094438 +1.226760622258259 +0.430921667481217 +2.231007230395379 +0.901798148304991 +2.506157242989621 
+1.285486328985223 +0.522183791778557 +1.567902344939433 +0.371451796578676 +0.997093794120924 +0.110598721466420 +2.892039383255946 
+2.417994369609916 +1.977122698802767 +2.815636516383419 +1.434278907458037 +0.331723907728555 +0.762353798296242 +3.332389531420711 
+1.577908507703744 +0.337476774036385 -0.226342349888594 +0.538306394441786 +3.395907193882060 +2.651913772908514 +4.522523839381339 
+2.504129020639334 +3.085613434336441 +2.844033886263634 +3.257870379572752 +0.743706652105157 +0.550063544361200 +2.689907247097713 
+2.411555961810754 +1.777909334983891 +2.275670588139134 +1.806175557314158 +0.374309812456972 +2.167062185887763 +4.038900256053004 
+1.193850258255750 +0.231608528298285 -0.040429597959352 +1.210645532405479 +0.620311759350697 +0.627416159941466 +2.899838715249002 
+2.224763616215766 +1.537288140567734 +2.540391661827081 +2.120615631643954 +0.524832423339855 +0.053172147318438 +2.767710508295099 
+1.811198717975911 +2.444110705833794 +2.395381710014409 +2.770480890648553 +0.632495986573499 +0.272536139445609 +2.496680207535271 
+3.156673612391093 +1.213245121457925 +1.134973167799863 +2.446982981210589 +1.126867910339499 +0.912100899526870 +2.589604145818346 
+0.882403676302898 +0.247124905278051 +0.549542719264691 +0.885093315114597 +0.469411379873401 +0.634675655180752 +3.116326332117572 
+2.315662934030041 +0.853444769178696 +0.565670886880522 +2.382004012172188 +1.258517915170176 +0.711512824056347 +2.904509499194657 
+3.821311530207186 +1.420272057543202 +2.250460717391018 +2.433719406811184 +0.100009263098758 +2.905103060069530 +3.827545391686710 
+1.332008043367229 +0.446084931818997 +0.565596279232676 +0.511707316042460 +0.887493461437091 +0.105001699922436 +2.774033416913575 
+1.902055325043224 +0.598299501068844 +0.720102249586228 +1.245025257549829 +0.335608179082656 +0.862843337544356 +2.134916244014659 
+1.788659753846772 +0.296601553483719 +0.980827882012126 +0.188405526209801 +0.092507197973835 +1.595784576127633 +3.749716087675368 
+1.429892437494295 +0.383553935314567 +0.235630611797735 +1.620961771458286 +0.804029800273618 +3.378346720851186 +7.121995662988740 
+1.418191579500209 +0.322851934080645 +0.421469856360014 +1.962615889124061 +1.231861169111129 +0.929587323508320 +2.801596178938306 
+1.198443767366323 +0.688710157504205 +2.065708039086451 +0.068619305037954 +1.628398934658118 +0.660458370975641 +2.908302447133053 
+2.291254524894207 +0.828334447729705 +1.289717102079150 +1.589222790470073 +1.390205134136879 +1.219328111788122 +3.495417376416718 
+2.138951443145008 +1.183661986375785 +0.448735099881369 +3.255714799708199 +0.347027603674906 +0.173184388721616 +2.277019013377654 
+1.541097321171158 +0.698139655743795 +0.970308630821302 +1.031502648764374 +0.416670128690655 +0.637268479372050 +2.261502352239953 
+1.966580388707866 +0.829773436432283 -0.401391515908409 +2.143215316419396 +0.653048338325376 +2.889317260280259 +4.352023177146693 
+5.167127032072213 +1.193036781968300 +1.353784644619993 +2.543089161272236 +1.715596290315394 +1.653559156189913 +2.521029947303837 
+0.286093275080612 +0.038219923064917 +1.776512829902933 +2.486028129113714 +0.443281781771382 +0.186501611386768 +2.865581960763843 
+0.972021937371068 +0.226487414419961 +0.707870998323924 +0.827070637826066 +1.802302683079206 +0.117602319062959 +2.420512098416692 
+1.226059506557366 +0.547661317960564 +1.192486316865346 +0.441471577209229 +2.601597470752520 +0.987778525853662 +3.978255349046422 
+1.317695005006917 +1.950821849970536 +1.986247401887772 +2.998656450761951 +1.095616984813386 +1.140859663401898 +2.717997768439817 
+2.216570861044104 +1.717985456162226 +2.354395133337338 +1.743620105598336 +0.267384108906434 +1.385893183945148 +3.087141124544608 
+2.309705498968189 +0.684959327527703 +0.106077494315912 +0.221482403324180 +3.083533024237473 +1.876399108238000 +6.083796102240440 
+2.189463472148215 +0.812291332466212 +1.855125971272312 +1.479187375489001 +0.853317970774090 +2.687298591072774 +4.247575699634084 
+2.397627911543801 +1.098418335235315 +1.771731864516649 +1.051293672591866 +0.400609153738294 +0.999806379373100 +3.642659980997127 
+2.453525749294372 +1.120397881252490 +0.173621067148793 +1.134437422232329 +1.372391421685632 +1.787113866162618 +3.305694905855162 
+1.893524054773483 +0.268318689816806 +0.024645642533824 +1.219360810127664 +2.147308747867664 +4.939823103292330 +8.754115095827474 
+1.811643959211116 +0.634271851733288 +0.284559293345177 +1.563112108379728 +0.572156657781364 +0.946924728961584 +2.461891330777000 
+1.148564264484352 +0.192682345493012 +0.668445722161438 +2.892044357656271 +1.350448283761577 +0.083502671582243 +2.714136912529289 
+2.030226103951139 +0.661976615773456 +0.708040844862425 +0.816438182414855 +0.686169270294692 +3.682228717687338 +5.611979733903214 
+1.678568389175360 +0.493081202838852 +1.918679143662589 +1.172416319760664 +1.798540712334356 +3.203770144061385 +4.626996508126548 
+2.600404527336354 +1.059145177709319 +0.310100862226617 +2.245694064475469 +3.882555675299579 +0.236480442014791 +2.767650670461654 
+0.165182885331863 +0.005203509587266 +0.832555947342062 +0.675706939348514 +1.139829424372823 +0.422704048757591 +2.370076342739970 
+1.492615978740132 +0.971679725468344 +2.517549154706502 +2.445110248661366 +1.454268250322556 +0.358682425352173 +2.735798918217113 
+1.980739061847584 +2.478176380654925 +2.237247293567249 +2.819386352823326 +1.129668619253165 +0.696063359835001 +2.713971647360456 
+3.270219631150187 +1.458667256160019 +0.905198652599255 +2.988798556605256 +2.394757981593139 +1.203741339685141 +2.442510394867788 
+1.306707353938391 +1.914383611492285 +1.400086093343669 +2.952642059344878 +0.516283634029145 +1.398822117393354 +3.624459624780149 
+2.603210019586484 +1.182722916288368 +1.571397529127033 +1.908221944917816 +1.398733078306840 +1.169127418981437 +2.518152212013033 
+2.370924723443419 +1.634956397869781 +2.230930851350336 +1.835638996039881 +0.011123357820739 +1.983324876122605 +3.188375559833848 
+1.160166108143338 +0.210824270621056 +0.259850216456825 +1.222950617627203 +0.341580632820826 +0.695098273802635 +2.769845808611966 
+2.765734428211664 +1.231162123416605 +1.044553348396378 +1.901751246490181 +0.276730517245618 +0.798280551062478 +2.221193180414344 
+3.836743577176813 +0.999142646642610 +0.811375181226866 +1.991045294333587 +3.880988618278824 +3.676089245365363 +4.970783275924175 
+2.125364579983540 +0.514264573791073 +0.905335393063749 +2.848887502519155 +0.935724640127120 +1.954810620327574 +3.223009284143273 
+1.065384066888676 +0.169090161987287 +1.201099955455239 +0.071631045749087 +0.062357079832094 +0.275367401351984 +2.729156846360145 
+2.946914271461971 +1.414635568653811 +2.180519468331393 +1.744047939829415 +0.235830444355581 +1.943352726511961 +3.500729929705023 
+1.647386870955855 +0.395600184536242 +0.296061488249235 +0.997019050470140 +1.135081210576142 +1.054278403294080 +2.712175099558790 
+0.744894148667037 +0.094539766374752 -0.471478133328235 +1.433156619424206 +2.117330465416343 +1.577577986529587 +2.789158633748098 
+0.749591789600255 +0.083235406879075 +1.380721244159444 +0.073181768614345 +0.897624488954455 +0.355227162811905 +3.141012064860474 
+1.928632589685752 +0.598529332176872 +0.739834319563850 +1.868918867957618 +0.787658597354857 +1.313346260130820 +3.179102472814281 
+3.092848983072134 +1.214631489348632 +0.910910123274777 +1.933731702856704 +3.475781073331677 +2.120770255566221 +3.310034801515688 
+1.011749193783475 +0.215271487437119 +1.464587023068516 +0.578282523431847 +1.264699671517950 +2.003040824618392 +4.102050491160804 
+0.896533602763873 +0.203935973809145 +0.127709100271786 +0.353355547308522 +2.261184905101274 +2.539221214740305 +3.522932728530409 
+3.332294932252922 +0.465187267058221 +2.504256221837185 +1.085887654484185 +3.439639941096088 +1.887367795698879 +4.317428450469022 
+0.289930272050547 +0.040239027461082 +0.345533616673471 +1.621527179369733 +0.320704506561908 +0.495558403349702 +3.041826120008733 
+2.970943068281818 +0.757087176551871 +1.572604490619707 +1.085776110163890 +0.391925785370817 +1.772280489691222 +2.895843812193161 
+2.587614724848507 +0.957386073453014 +0.093003206772804 +1.809895386227646 +1.584551574211384 +1.385039134547379 +2.752835876734148 
+1.374884566079271 +0.310957962552899 +1.913671265971352 +1.197872939469362 +2.224334772608120 +2.482952884256016 +3.236640696278366 
+4.080766224855869 +0.682584777714062 +1.326037640923274 +2.770609239811030 +1.791328193137073 +0.597653461255248 +2.096570766781233 
+0.843564755919369 +0.205823723440823 +1.074472068230083 +0.816105172935489 +1.737347558380565 +0.584328080134412 +2.323735864680030 
+0.700879574413652 +0.138088144262177 +0.241887200391400 +0.199569680312360 +1.149355045418533 +2.396323599191831 +4.692139496607974 
+1.741722423355636 +0.914822463029945 +1.106375869514258 +1.314172045025656 +0.383251460876967 +1.867898885949822 +3.188897098047070 
+2.078304860787743 +1.067524514390471 +0.605562184434388 +2.624762312132118 +0.844120194144378 +0.724501463516540 +2.020142225357298 
+2.558783942441776 +1.176546562647063 +2.401291828155911 +1.339636511361585 +0.312513341752804 +0.491061493974511 +2.592559809913052 
+2.007836908466675 +1.402489278059331 +1.574977730943641 +1.177291755320112 +0.171886298357855 +0.090459924692232 +3.402493623914957 
+0.707124970624285 +0.083127149885822 +1.091589782647424 +1.026661400344970 +1.917637368365345 +1.693225970234395 +4.022472427527311 
+1.306617885405849 +0.623738224531173 +2.853884137030295 +0.732148869980263 +2.454940273571845 +0.299249569462994 +1.850486452505444 
+1.565749784081235 +0.762741914427121 +1.348180502601432 +0.950747959023778 +1.590788758987055 +0.081181835529897 +3.077859652677876 
+2.738377140044603 +0.926887737008952 +0.629082710198361 +1.228976912758239 +3.620857179924371 +0.405979521378802 +2.556452352210542 
+2.176485599026563 +0.772022330033334 +1.120344554234960 +1.571537257091064 +1.499357589837898 +1.030988748208616 +2.888253759201903 
+1.780923550550464 +1.490212924379491 +2.146916479573587 +2.334632791043043 +1.252241518845550 +1.746238553962489 +3.030891298164988 
+2.990192912275088 +1.562245528609087 +1.385381604365558 +2.512361894919772 +1.154659117183671 +1.141571885933068 +2.933400506716297 
+1.812747883602749 +1.426550116738226 +1.314721361102151 +3.173931726117274 +0.384740440119002 +0.360674140873404 +2.570712962408094 
+1.127321364479900 +0.238192326114746 -0.077554305339563 +1.755591130639112 +0.565326361019508 +0.235673132407137 +2.721467041585167 
+1.691606482501804 +0.710485882724137 +1.014914641686965 +1.591181193837976 +0.535823424184107 +0.419885674338618 +2.639176341251752 
+2.655749148140784 +1.416838334730222 +1.557027098766368 +2.060665441230762 +1.169071373411128 +1.887597852244522 +3.400366254050183 
+2.292840163179406 +3.276444007695456 +2.521874596515954 +3.215771606181712 +0.054827167698648 +0.037203085522507 +2.918180855225295 
+1.525241354076151 +2.695899085074892 +2.676501258310525 +2.999211194431438 +0.246291965184407 +0.104730678130455 +2.390587743908497 
+2.512996945176621 +2.735408255799229 +2.823663766086021 +2.800383253621747 +0.735199186027834 +0.196349231227272 +3.140096840514132 
+1.141719328394960 +1.906339470192023 +0.498344067832408 +3.247574584219282 +1.249993195621164 +1.515178404780599 +2.748423198197487 
+1.996061346423308 +2.897787848417808 +2.828283201126131 +2.993577599112354 +0.642080203635708 +0.095991451447436 +2.670579613068191 
+1.961087200166144 +2.912179601410611 +2.897300474390820 +3.064295790059129 +0.277418747713331 +0.333294706273126 +2.630775510754046 
+2.543960778088509 +3.575665128679862 +3.158790377876536 +3.253128201420406 +0.219810228902520 +0.211911502813526 +3.238152417135632 
+1.063914594042866 +1.598116595504893 -0.208129965159299 +2.842739063960078 +1.151148880783006 +1.988935283123291 +5.001949092946069 
+2.033543390190376 +2.951569527253573 +3.034256237874060 +2.834986982455446 +0.843454856758515 +0.401808364325908 +2.515975025772267 
+1.166842732538779 +1.989949713858205 +0.583876142864798 +3.276699756465881 +1.583168445457717 +0.060297264733871 +2.178937874383498 
+2.382253945724718 +3.196485026330361 +2.623099404624546 +3.247064744366076 +0.627904716648997 +0.225154482425489 +2.947541564183191 
+2.336193927568937 +3.183524262617591 +3.217746005561374 +3.105183458051321 +0.511093133980728 +0.666336643705564 +2.730866005962051 
+2.282217617501106 +3.156570090426068 +2.492611420437914 +3.160737364552471 +0.961267756063944 +0.098781718038757 +2.892293537072845 
+2.199635497365842 +3.109548244162683 +2.163224801788391 +3.145599622181518 +0.770624660672790 +0.639400716654437 +2.735859041817776 
+1.414213054671946 +2.364695854336461 +1.670743756260050 +3.238801153318149 +0.842952699232991 +0.873306619933913 +3.087076308340262 
+2.560669703855248 +3.176105699563071 +3.164220995936959 +2.948145349079667 +0.579780575949259 +0.771576956987198 +2.849572261399717 
+2.296122289883862 +2.957911578340855 +3.117425975901534 +3.127591666142914 +0.936848727220792 +0.106538591743604 +2.594408848026450 
+1.970175327908056 +3.228384341008124 +2.736600851072140 +3.307113220163256 +0.097707415633503 +0.183205901965433 +2.662059178432728 
+2.622741622664405 +2.573876737718543 +2.818902930455363 +2.697886046255046 +1.198087583386637 +0.727465443238380 +3.348082486580418 
+2.031485322597606 +2.898941365324131 +2.931764579551189 +3.055625274589106 +0.356992109773493 +0.438943354553782 +3.041929085789206 
+1.671590973721943 +2.758362988654044 +2.594698185563930 +3.013420975969102 +0.028818226793328 +0.415975872798347 +2.854750901459946 
+1.910672976321331 +2.929419209486196 +2.425578275134729 +3.154874381683537 +0.147769758629064 +0.538590589411891 +2.735201446387328 
+1.185023260804605 +1.861525138373512 +0.001897510499290 +3.062747947111879 +0.143478727446920 +1.751695000147816 +3.295024867517060 
+2.115068869613913 +3.409336318149048 +2.893230856638715 +3.163202672008945 +0.375452749640050 +0.301767304998192 +2.967186244389286 
+2.327057283607363 +3.108947883123800 +2.225011228974036 +3.078659195070865 +1.114452031366975 +0.583664328002752 +3.016817218712626 
+2.403998260962092 +3.213713948057309 +2.575513862299076 +3.239068580136168 +0.280362663848337 +0.305517650729446 +3.033466234011785 
+2.488967825422125 +3.260726964729094 +3.221217992430679 +3.061340332672932 +0.277677659139589 +0.173469317564215 +3.194662967607448 
+2.362255695310107 +2.779498516376079 +2.966665822123741 +3.238994234170453 +0.243271618121349 +0.181836136841960 +3.028590146033045 
+1.096968427150485 +1.687737972117256 -0.228440471056007 +2.962129891726772 +1.269217290307830 +1.867388451040772 +4.015005902676497 
+2.389174949382332 +3.185111978869379 +3.209049372548923 +3.046316217976090 +0.393085824587896 +0.438512942614834 +2.941304338705355 
+1.661957694246138 +2.731585046092242 +2.312838409335640 +3.156627242125114 +0.749097559225966 +0.762795765116360 +3.071116567518435 
+2.060781328747905 +2.961127850935925 +3.091775183237408 +2.744161374516915 +0.757962442716876 +0.137206741622923 +2.650301180138281 
+2.153399839195981 +3.043356360980055 +2.219188424013097 +3.158874383064877 +1.139435079517555 +0.507665259817649 +3.018383958556348 
+2.011972404530978 +3.256014975228122 +2.896923208776797 +3.097004894944377 +0.432998576943015 +0.431780969159292 +2.937261679848703 
+2.238425447006087 +3.098653527386113 +2.949049251527834 +2.883010389116220 +0.113781509170653 +0.245828146911972 +2.690722844188701 
+1.944117855824203 +3.089270086387195 +2.427858653971593 +3.239949233126754 +0.530620383590048 +0.430609139457487 +3.065063250394760 
+2.266153633743828 +3.222209351310632 +2.459220228408770 +3.246019451967547 +0.810817184342468 +0.133031416039284 +2.841457895643128 
+1.169604769588847 +1.920545787082470 +0.721673002112731 +3.251452806611548 +0.118649010834632 +0.695379751566144 +2.320004252391184 
+2.012550957144612 +2.941025258799834 +2.950620634021179 +2.805585320429391 +0.135840505583827 +0.070238119549305 +2.442830559827959 
+2.298649245330314 +3.474883327981809 +3.167759390969532 +3.309738170093050 +0.263397151657724 +0.004813238216821 +2.982798865398627 
+2.057375493095368 +3.149388432899569 +2.385605854713894 +3.180433035216817 +0.443866783342495 +0.290918589334731 +3.375488122852762 
+2.460284441063054 +3.196752692960330 +3.198395834265351 +3.148810687194066 +0.733438413673631 +0.548685390315068 +2.732539069830250 
+1.563369573347238 +2.749432440545199 +2.594372636095604 +3.031766026904988 +0.301994388778344 +0.395814867931854 +2.495012657916424 
+2.244999929174009 +3.067385707899346 +2.373835713178327 +3.285469986183091 +0.099131962831473 +0.144274389922036 +2.665668547918464 
+2.219574603464048 +3.298861525582319 +2.487378446589067 +3.329993450870561 +0.036036086203344 +0.070911816403685 +2.802832634944493 
+1.877925414952909 +2.812872280563725 +2.924327176517734 +3.036162253486240 +0.506572194439477 +0.523671185920618 +2.661501484417086 
+2.275442589179663 +3.304815817822393 +3.160032683521179 +3.069554085791425 +0.287599599734943 +0.021984363787391 +2.952263438848798 
+2.396753254531039 +3.139494301801936 +2.857090356335845 +3.130727267271868 +0.511647664679805 +0.458746308133268 +2.700282824190800 
+2.256329018576392 +3.058769454480647 +2.439643838884360 +3.283505776229706 +0.047744242769378 +0.043054632215280 +2.744677416476469 
+2.048281051817988 +3.275470713766386 +2.989096976196144 +3.284703111116215 +0.899765801431030 +0.514491918407385 +2.760094093005699 
+2.064550993497494 +2.873931094846711 +2.889104837124564 +2.987323386824893 +0.879172333809454 +0.350462915590877 +3.254734717707831 
+2.008036122598878 +3.383756695426825 +3.076285953636500 +3.169079045400632 +0.025617149018534 +0.506470444647110 +3.020591616992446 
+2.428264844503570 +3.481105769506136 +3.133150798557211 +3.221062250286944 +0.411234894241889 +0.380750870725605 +3.022244486591086 
+1.832682025679896 +2.897517791933022 +2.381188362248762 +3.259134538615559 +0.075020295385011 +0.453532348857097 +2.525431418611838 
+2.296670348000820 +3.340340003565233 +3.141851780622378 +3.180288569973611 +0.394442707051505 +0.088594150312672 +2.999752342481825 
+2.031375288142755 +3.291846720711092 +2.977093197879316 +3.183986815157069 +0.507425179451869 +0.108866501275836 +3.175788355303419 
+2.508503704771570 +3.200849871857696 +3.157919405311362 +3.127674965870744 +0.554367445778035 +0.540949245361341 +2.694462672640948 
+2.547190243466859 +3.098743550462415 +3.141397710001281 +3.217333286186274 +0.517439070714825 +0.713203524563937 +3.314495839805742 
+2.095547398290639 +2.869834989166634 +2.217385208612523 +2.995232135108040 +1.302719125565049 +0.276389046781377 +3.026139351253084 
+1.690800429718377 +2.821847628046915 +2.625784454440853 +2.917843696819834 +0.113498400357289 +0.254301172228610 +2.659695691625775 
+2.490090641027807 +2.780144764235017 +3.004520795417835 +3.151303470293759 +0.638894251819992 +0.001425902294638 +3.265852684343722 
+2.131578109215312 +3.397648119463668 +3.006126525006281 +3.322034761672747 +0.096197611620584 +0.427327479280472 +2.778001942584073 
+2.511297781894350 +2.831921715827806 +3.122861237502296 +3.096739363763696 +0.240267547686898 +0.041354775216777 +3.235309163932242 
+2.621590910049195 +3.435550630435638 +3.240567612040954 +3.262771464475211 +0.096929608505520 +0.087161152962749 +2.665712994872842 
+2.066410491418914 +3.358872123068972 +3.004217439255841 +3.252837784205523 +0.430237807127124 +0.696902969521848 +2.961003901001747 
+1.170760088428419 +1.947534419097741 +1.132363489041373 +3.217373978997581 +0.771243491870907 +0.634705166552644 +2.377823040720388 
+2.480456520020558 +3.211723984757611 +3.135243360610585 +3.027176440919418 +0.397307798779745 +0.639777381401907 +2.889342292044432 
+2.155772087341091 +2.840706771139689 +2.601860557063879 +3.195950572182656 +1.283902494540789 +0.232573915849418 +2.668547089732925 
+2.073879133101433 +3.367436094561636 +2.883216986131492 +3.245778436215707 +0.470346908981131 +0.070985371756045 +2.835553805209167 
-1
-1
-1
-1
-1
-1
-1
-1
-1
-1
-1
-1
-1
-1
-1
-1
-1
-1
-1
-1
-1
-1
-1
-1
-1
-1
-1
-1
-1
-1
-1
-1
-1
-1
-1
-1
-1
-1
-1
-1
-1
-1
-1
-1
-1
-1
-1
-1
-1
-1
-1
-1
-1
-1
-1
-1
-1
-1
-1
-1
-1
-1
-1
-1
-1
-1
-1
-1
-1
-1
-1
-1
-1
-1
-1
-1
-1
-1
-1
-1
-1
-1
-1
-1
-1
-1
-1
-1
-1
-1
-1
-1
-1
-1
-1
-1
-1
-1
-1
-1
-1
-1
-1
-1
-1
-1
-1
-1
-1
-1
-1
-1
-1
-1
-1
-1
-1
-1
-1
-1
-1
-1
-1
-1
-1
-1
-1
-1
-1
-1
-1
-1
-1
-1
-1
-1
-1
-1
-1
-1
-1
-1
-1
-1
-1
-1
-1
-1
-1
-1
-1
-1
-1
-1
-1
-1
-1
-1
-1
-1
-1
-1
-1
-1
-1
-1
-1
-1
-1
-1
-1
-1
-1
-1
-1
-1
-1
-1
-1
-1
-1
-1
-1
-1
-1
-1
-1
-1
-1
-1
-1
-1
-1
-1
-1
-1
-1
-1
-1
-1
-1
-1
-1
-1
-1
-1
-1
-1
-1
-1
-1
-1
-1
-1
-1
-1
-1
-1
-1
-1
-1
-1
-1
-1
-1
-1
-1
-1
-1
-1
-1
-1
-1
-1
-1
-1
-1
-1
-1
-1
-1
-1
-1
-1
-1
-1
-1
-1
-1
-1
-1
-1
-1
-1
-1
-1
-1
-1
-1
-1
-1
-1
-1
-1
-1
-1
-1
-1
-1
-1
-1
-1
-1
-1
-1
-1
-1
-1
-1
-1
-1
-1
-1
-1
-1
-1
-1
-1
-1
-1
-1
-1
-1
-1
-1
-1
-1
-1
-1
-1
-1
-1
-1
-1
-1
-1
-1
-1
-1
-1
-1
-1
-1
-1
-1
-1
-1
-1
-1
-1
-1
-1
-1
-1
-1
-1
-1
-1
-1
-1
-1
-1
-1
-1
-1
-1
-1
-1
-1
-1
-1
-1
-1
-1
-1
1
1
1
1
1
1
1
1
1
1
1
1
1
1
1
1
1
1
1
1
1
1
1
1
1
1
1
1
1
1
1
1
1
1
1
1
1
1
1
1
1
1
1
1
1
1
1
1
1
1
1
1
1
1
1
1
1
1
1
1
1
1
1
1
1
1
1
1
1
#1303
7
+0.300378309115504
+0.238882564607388
+0.292780434216849
+0.200007523980839
+0.149060530616730
+0.343469867763894
+0.619505435821538
#1304
414
+0.000000000000000
+0.000000000000000
+0.000000000000000
+0.000000000000000
+0.000000000000000
-0.108996066377717
+0.000000000000000
+0.000000000000000
+0.000000000000000
-0.047404594301518
-0.052431561167389
-0.122572569484374
+0.000000000000000
+0.000000000000000
+0.000000000000000
-0.012665581187595
+0.000000000000000
+0.000000000000000
+0.000000000000000
+0.000000000000000
+0.000000000000000
-0.156824767366845
-0.006477275284752
-0.351058830775636
+0.000000000000000
-0.059713643848069
+0.000000000000000
-0.113343479033650
+0.000000000000000
+0.000000000000000
+0.000000000000000
+0.000000000000000
+0.000000000000000
+0.000000000000000
-1.000000000000000
+0.000000000000000
+0.000000000000000
-0.012501442135939
+0.000000000000000
+0.000000000000000
+0.000000000000000
+0.000000000000000
-0.052392320526510
-0.030038346537912
-0.102790447047026
-0.074116394074985
-0.048061146595360
-0.012096003383664
+0.000000000000000
+0.000000000000000
+0.000000000000000
+0.000000000000000
+0.000000000000000
+0.000000000000000
+0.000000000000000
+0.000000000000000
-0.066324755516303
+0.000000000000000
-0.083503847820090
+0.000000000000000
+0.000000000000000
+0.000000000000000
+0.000000000000000
+0.000000000000000
+0.000000000000000
+0.000000000000000
+0.000000000000000
+0.000000000000000
-0.020905766346583
+0.000000000000000
+0.000000000000000
+0.000000000000000
+0.000000000000000
+0.000000000000000
+0.000000000000000
+0.000000000000000
+0.000000000000000
+0.000000000000000
+0.000000000000000
-0.004366036176401
-0.044302531706317
+0.000000000000000
-0.125780525850771
+0.000000000000000
+0.000000000000000
-0.073665928133698
+0.000000000000000
-0.102820765310740
-0.077468441748366
-0.023935574242807
+0.000000000000000
+0.000000000000000
+0.000000000000000
+0.000000000000000
+0.000000000000000
-0.037927185791199
+0.000000000000000
+0.000000000000000
-0.012217694285441
+0.000000000000000
+0.000000000000000
+0.000000000000000
+0.000000000000000
-0.073778628157747
+0.000000000000000
+0.000000000000000
+0.000000000000000
+0.000000000000000
+0.000000000000000
-0.226290370890886
-0.127159335342789
-0.039269996934049
-0.065510573491011
-0.037734987564680
-0.083039481942957
-0.123775903553965
-0.237980278356830
+0.000000000000000
-0.031497021093583
+0.000000000000000
+0.000000000000000
+0.000000000000000
+0.000000000000000
+0.000000000000000
-0.076103090628943
+0.000000000000000
+0.000000000000000
+0.000000000000000
-0.083285621532621
+0.000000000000000
+0.000000000000000
+0.000000000000000
-0.121810557940200
-0.027633349439355
+0.000000000000000
-0.170832574987911
+0.000000000000000
-0.677728897747836
+0.000000000000000
-0.102455033394706
+0.000000000000000
-0.028793984894179
-1.000000000000000
+0.000000000000000
+0.000000000000000
+0.000000000000000
-1.000000000000000
+0.000000000000000
+0.000000000000000
-0.007385239280760
+0.000000000000000
+0.000000000000000
+0.000000000000000
-0.012776177043875
+0.000000000000000
+0.000000000000000
+0.000000000000000
+0.000000000000000
-0.006423250446734
+0.000000000000000
+0.000000000000000
-0.049321859269987
-0.014313109809410
+0.000000000000000
+0.000000000000000
+0.000000000000000
+0.000000000000000
-0.015335369133056
+0.000000000000000
+0.000000000000000
+0.000000000000000
+0.000000000000000
+0.000000000000000
-0.091123567667263
+0.000000000000000
+0.000000000000000
+0.000000000000000
-0.093799987843519
-0.002084596419592
-0.002347704461661
-0.061693094648845
-0.041132386790277
+0.000000000000000
+0.000000000000000
+0.000000000000000
+0.000000000000000
+0.000000000000000
+0.000000000000000
-0.015592109976994
-0.067825884510147
-0.621349901076931
+0.000000000000000
-0.001059956437321
+0.000000000000000
+0.000000000000000
+0.000000000000000
-0.044000611227723
-0.075820077650892
+0.000000000000000
-0.105369158748758
+0.000000000000000
+0.000000000000000
+0.000000000000000
-0.031088815675783
+0.000000000000000
+0.000000000000000
+0.000000000000000
+0.000000000000000
-0.058865501656717
+0.000000000000000
+0.000000000000000
-0.033378770884999
+0.000000000000000
-0.000605553927601
-0.006329546777972
+0.000000000000000
+0.000000000000000
-0.105586077160970
-0.016005083091104
+0.000000000000000
+0.000000000000000
+0.000000000000000
+0.000000000000000
+0.000000000000000
+0.000000000000000
+0.000000000000000
-0.003059994064749
-0.386857109974623
-0.052512711875371
+0.000000000000000
-0.285853419923660
+0.000000000000000
+0.000000000000000
+0.000000000000000
+0.000000000000000
+0.000000000000000
+0.000000000000000
+0.000000000000000
+0.000000000000000
+0.000000000000000
+0.000000000000000
+0.000000000000000
+0.000000000000000
+0.000000000000000
+0.000000000000000
+0.000000000000000
+0.000000000000000
+0.000000000000000
+0.000000000000000
+0.000000000000000
-0.054341968073704
+0.000000000000000
+0.000000000000000
+0.000000000000000
+0.000000000000000
+0.000000000000000
+0.000000000000000
+0.000000000000000
+0.000000000000000
+0.000000000000000
-0.056152369833636
+0.000000000000000
-1.000000000000000
+0.000000000000000
+0.000000000000000
+0.000000000000000
-0.069153298929075
-1.000000000000000
+0.000000000000000
+0.000000000000000
+0.000000000000000
-1.000000000000000
+0.000000000000000
+0.000000000000000
+0.000000000000000
-0.028163384385885
+0.000000000000000
+0.000000000000000
-0.013308912150109
-0.092938649927613
+0.000000000000000
+0.000000000000000
+0.000000000000000
+0.000000000000000
+0.000000000000000
-0.069592176780440
-0.076449822273557
+0.000000000000000
+0.000000000000000
+0.000000000000000
-1.000000000000000
+0.000000000000000
-0.115614460957592
+0.000000000000000
+0.000000000000000
+0.000000000000000
-0.096439826272951
+0.000000000000000
+0.000000000000000
-0.015071984984991
+0.000000000000000
-0.032709406231137
-0.036113458927842
+0.000000000000000
-1.000000000000000
+0.000000000000000
-1.000000000000000
+0.000000000000000
+0.000000000000000
+0.000000000000000
+0.000000000000000
-0.122226491865998
+0.000000000000000
-0.071914429696307
+0.000000000000000
+0.000000000000000
+0.000000000000000
+0.000000000000000
+0.000000000000000
-0.068651171699983
+0.000000000000000
-0.030051852160811
-0.120116822550994
-0.010200871657574
+0.000000000000000
+0.000000000000000
-0.031364395041731
+0.000000000000000
+0.000000000000000
+0.000000000000000
+0.000000000000000
+0.000000000000000
+0.000000000000000
+0.000000000000000
+0.000000000000000
-0.098176278180283
+0.000000000000000
-0.058650898746033
+0.000000000000000
+0.000000000000000
+0.000000000000000
-0.235545570144174
+0.000000000000000
+0.000000000000000
+0.000000000000000
+0.000000000000000
+1.000000000000000
+0.948077356301255
+1.000000000000000
+0.000000000000000
+0.000000000000000
+0.000000000000000
+1.000000000000000
+0.000000000000000
+1.000000000000000
+0.000000000000000
+0.000000000000000
+0.000000000000000
+0.533627983105636
+1.000000000000000
+0.449893178736858
+0.000000000000000
+0.000000000000000
+1.000000000000000
+0.000000000000000
+1.000000000000000
+0.000000000000000
+1.000000000000000
+0.000000000000000
+0.000000000000000
+0.000000000000000
+0.000000000000000
+0.000000000000000
+1.000000000000000
+0.000000000000000
+1.000000000000000
+0.000000000000000
+0.000000000000000
+0.000000000000000
+0.000000000000000
+0.000000000000000
+0.000000000000000
+1.000000000000000
+0.000000000000000
+0.000000000000000
+0.000000000000000
+0.000000000000000
+0.091875163799393
+0.327130500962838
+0.000000000000000
+0.000000000000000
+0.000000000000000
+0.000000000000000
+0.000000000000000
+0.000000000000000
+0.000000000000000
+0.000000000000000
+0.000000000000000
+0.000000000000000
+0.000000000000000
+0.000000000000000
+0.000000000000000
+0.000000000000000
+1.000000000000000
+0.000000000000000
+0.000000000000000
+0.000000000000000
+0.572702169946316
+0.811914612470632
+0.000000000000000
+1.000000000000000
+0.000000000000000
+0.548007373558688
+0.000000000000000
#1305
1
+0.007246376811594
+69.000000000000000
+3.000000000000000
+0.000000000000000
+342.000000000000000
+69.000000000000000
+3.000000000000000
+0.000000000000000
+342.000000000000000
+1.000000000000000
+1.000000000000000
+0.000000000000000
+0.991304347826087
+0.991304347826087
+0.000000000000000
#1306
13
+0.100000000000000
+0.177827941003900
+0.316227766016800
+0.562341325190300
+1.000000000000000
+1.778279410038900
+3.162277660168400
+5.623413251903500
+10.000000000000000
+17.782794100389200
+31.622776601683800
+56.234132519034901
+100.000000000000000
9
+0.100000000000000
+0.177827941003892
+0.316227766016838
+0.562341325190349
+1.000000000000000
+1.778279410038923
+3.162277660168380
+5.623413251903491
+10.000000000000000
#1104
1
414
-1 -1
-1 -1
-1 -1
-1 -1
-1 -1
-1 -1
-1 -1
-1 -1
-1 -1
-1 -1
-1 -1
-1 -1
-1 -1
-1 -1
-1 -1
-1 -1
-1 -1
-1 -1
-1 -1
-1 -1
-1 -1
-1 -1
-1 -1
-1 -1
-1 -1
-1 -1
-1 -1
-1 -1
-1 -1
-1 -1
-1 -1
-1 -1
-1 -1
-1 -1
-1 -1
-1 -1
-1 -1
-1 -1
-1 -1
-1 -1
-1 -1
-1 -1
-1 -1
-1 -1
-1 -1
-1 -1
-1 -1
-1 -1
-1 -1
-1 -1
-1 -1
-1 -1
-1 -1
-1 -1
-1 -1
-1 -1
-1 -1
-1 -1
-1 -1
-1 -1
-1 -1
-1 -1
-1 -1
-1 -1
-1 -1
-1 -1
-1 -1
-1 -1
-1 -1
-1 -1
-1 -1
-1 -1
-1 -1
-1 -1
-1 -1
-1 -1
-1 -1
-1 -1
-1 -1
-1 -1
-1 -1
-1 -1
-1 -1
-1 -1
-1 -1
-1 -1
-1 -1
-1 -1
-1 -1
-1 -1
-1 -1
-1 -1
-1 -1
-1 -1
-1 -1
-1 -1
-1 -1
-1 -1
-1 -1
-1 -1
-1 -1
-1 -1
-1 -1
-1 -1
-1 -1
-1 -1
-1 -1
-1 -1
-1 -1
-1 -1
-1 -1
-1 -1
-1 -1
-1 -1
-1 -1
-1 -1
-1 -1
-1 -1
-1 -1
-1 -1
-1 -1
-1 -1
-1 -1
-1 -1
-1 -1
-1 -1
-1 -1
-1 -1
-1 -1
-1 -1
-1 -1
-1 -1
-1 -1
-1 -1
-1 -1
-1 -1
-1 -1
-1 -1
-1 -1
-1 -1
-1 -1
-1 -1
-1 -1
-1 -1
-1 -1
-1 -1
+1 -1
-1 -1
-1 -1
-1 -1
-1 -1
-1 -1
-1 -1
-1 -1
-1 -1
-1 -1
-1 -1
-1 -1
-1 -1
-1 -1
-1 -1
-1 -1
-1 -1
-1 -1
-1 -1
-1 -1
-1 -1
-1 -1
-1 -1
-1 -1
-1 -1
-1 -1
-1 -1
-1 -1
-1 -1
-1 -1
-1 -1
-1 -1
-1 -1
-1 -1
-1 -1
-1 -1
-1 -1
-1 -1
-1 -1
-1 -1
-1 -1
-1 -1
-1 -1
-1 -1
-1 -1
-1 -1
-1 -1
-1 -1
-1 -1
-1 -1
-1 -1
-1 -1
-1 -1
-1 -1
-1 -1
-1 -1
-1 -1
-1 -1
-1 -1
-1 -1
-1 -1
-1 -1
-1 -1
-1 -1
-1 -1
-1 -1
-1 -1
-1 -1
-1 -1
-1 -1
-1 -1
-1 -1
-1 -1
-1 -1
-1 -1
-1 -1
-1 -1
-1 -1
-1 -1
-1 -1
-1 -1
-1 -1
-1 -1
-1 -1
-1 -1
-1 -1
-1 -1
-1 -1
-1 -1
-1 -1
-1 -1
-1 -1
-1 -1
-1 -1
-1 -1
-1 -1
-1 -1
-1 -1
-1 -1
-1 -1
-1 -1
-1 -1
-1 -1
-1 -1
-1 -1
-1 -1
-1 -1
-1 -1
-1 -1
-1 -1
-1 -1
-1 -1
-1 -1
-1 -1
-1 -1
-1 -1
-1 -1
-1 -1
-1 -1
-1 -1
-1 -1
+1 -1
-1 -1
-1 -1
-1 -1
+1 -1
-1 -1
-1 -1
-1 -1
-1 -1
-1 -1
-1 -1
-1 -1
-1 -1
-1 -1
-1 -1
-1 -1
-1 -1
-1 -1
-1 -1
-1 -1
-1 -1
-1 -1
-1 -1
-1 -1
-1 -1
-1 -1
-1 -1
-1 -1
-1 -1
-1 -1
-1 -1
-1 -1
-1 -1
-1 -1
-1 -1
-1 -1
-1 -1
-1 -1
-1 -1
-1 -1
-1 -1
-1 -1
-1 -1
-1 -1
-1 -1
-1 -1
-1 -1
-1 -1
-1 -1
-1 -1
-1 -1
-1 -1
-1 -1
-1 -1
-1 -1
-1 -1
-1 -1
-1 -1
-1 -1
-1 -1
-1 -1
-1 -1
-1 -1
-1 -1
-1 -1
-1 -1
-1 -1
-1 -1
-1 -1
-1 -1
-1 -1
-1 -1
-1 -1
-1 -1
-1 -1
-1 -1
-1 -1
-1 -1
+1 +1
+1 +1
+1 +1
+1 +1
+1 +1
+1 +1
+1 +1
+1 +1
+1 +1
+1 +1
+1 +1
+1 +1
+1 +1
+1 +1
+1 +1
+1 +1
+1 +1
+1 +1
+1 +1
+1 +1
+1 +1
+1 +1
+1 +1
+1 +1
+1 +1
+1 +1
+1 +1
+1 +1
+1 +1
+1 +1
+1 +1
+1 +1
+1 +1
+1 +1
+1 +1
+1 +1
+1 +1
+1 +1
+1 +1
+1 +1
+1 +1
+1 +1
+1 +1
+1 +1
+1 +1
+1 +1
+1 +1
+1 +1
+1 +1
+1 +1
+1 +1
+1 +1
+1 +1
+1 +1
+1 +1
+1 +1
+1 +1
+1 +1
+1 +1
+1 +1
+1 +1
+1 +1
+1 +1
+1 +1
+1 +1
+1 +1
+1 +1
+1 +1
+1 +1
#1105
7
+0.940709220772834
+0.959695612937263
+0.987084455798351
+0.995745122457451
+0.989862769516275
+0.988454318812049
+0.954924907047344
7
1
1 
2
0 1 
3
0 1 2 
4
0 1 2 3 
5
0 1 2 3 5 
6
0 1 2 3 5 6 
7
0 1 2 3 4 5 6 
#1106
+0.995745122457451
4
0 1 2 3 
127
3
+0.000000000000000 +1.000000000000000 +0.500000000000000 
+0.000000000000000 +1.000000000000000 +0.500000000000000 
+0.000000000000000 +1.000000000000000 +0.500000000000000 
+0.000000000000000 +1.000000000000000 +0.500000000000000 
+0.000000000000000 +1.000000000000000 +0.500000000000000 
+0.214117647058824 +0.950859187760596 +0.582488417409710 
+0.425279034690799 +0.939136283357777 +0.682207659024288 
+0.859411764705882 +0.919204335442036 +0.889308050073959 
+0.830980392156863 +0.947726284905525 +0.889353338531194 
+0.892745098039216 +0.945079798971368 +0.918912448505292 
+0.840784313725490 +0.956650412421202 +0.898717363073346 
+0.875791855203620 +0.941582124865937 +0.908686990034778 
+0.891176470588235 +0.956180296647208 +0.923678383617722 
+0.892745098039216 +0.950196865967655 +0.921470982003435 
+0.892745098039216 +0.959216978275439 +0.925981038157327 
+0.688657616892911 +0.976489446626433 +0.832573531759672 
+0.744238310708899 +0.973459143596130 +0.858848727152514 
+0.803152337858220 +0.971199219456985 +0.887175778657603 
+0.826681749622926 +0.968382318048535 +0.897532033835730 
+0.740708898944193 +0.973719165264602 +0.857214032104398 
+0.764238310708899 +0.970979439237205 +0.867608874973052 
+0.826681749622926 +0.974056362314128 +0.900369055968527 
+0.826681749622926 +0.968162537828754 +0.897422143725840 
+0.865595776772247 +0.979856946706262 +0.922726361739255 
+0.892745098039216 +0.977040045297811 +0.934892571668513 
+0.869215686274510 +0.985933617479055 +0.927574651876782 
+0.880980392156863 +0.985933617479055 +0.933457004817959 
+0.838446455505279 +0.982596672733659 +0.910521564119469 
+0.853831070889894 +0.976962869916758 +0.915396970403326 
+0.861975867269985 +0.985933617479055 +0.923954742374520 
+0.892745098039216 +0.983116716070604 +0.937930907054910 
+0.892745098039216 +0.988673343506452 +0.940709220772834 
+0.892745098039216 +0.988673343506452 +0.940709220772834 
+0.892745098039216 +0.985933617479055 +0.939339357759135 
+0.892745098039216 +0.985933617479055 +0.939339357759135 
+0.909411764705882 +0.985596420429529 +0.947504092567706 
+0.892745098039216 +0.982856694402132 +0.937800896220674 
+0.892745098039216 +0.985933617479055 +0.939339357759135 
+0.892745098039216 +0.988673343506452 +0.940709220772834 
+0.909411764705882 +0.985933617479055 +0.947672691092468 
+0.892745098039216 +0.985933617479055 +0.939339357759135 
+0.909411764705882 +0.985933617479055 +0.947672691092468 
+0.892745098039216 +0.985933617479055 +0.939339357759135 
+0.909411764705882 +0.985933617479055 +0.947672691092468 
+0.909411764705882 +0.985933617479055 +0.947672691092468 
+0.909411764705882 +0.985933617479055 +0.947672691092468 
+0.909411764705882 +0.985933617479055 +0.947672691092468 
+0.912745098039216 +0.994229970942300 +0.953487534490758 
+0.892745098039216 +0.988673343506452 +0.940709220772834 
+0.912745098039216 +0.991490244914903 +0.952117671477059 
+0.892745098039216 +0.988673343506452 +0.940709220772834 
+0.912745098039216 +0.988673343506452 +0.950709220772834 
+0.892745098039216 +0.988673343506452 +0.940709220772834 
+0.892745098039216 +0.991490244914903 +0.942117671477059 
+0.892745098039216 +0.988673343506452 +0.940709220772834 
+0.948039215686274 +0.994229970942300 +0.971134593314287 
+0.924509803921569 +0.994229970942300 +0.959369887431934 
+0.948039215686274 +0.988750518887505 +0.968394867286890 
+0.912745098039216 +0.988750518887505 +0.950747808463360 
+0.904509803921569 +0.988673343506452 +0.946591573714010 
+0.892745098039216 +0.985933617479055 +0.939339357759135 
+0.924509803921569 +0.988750518887505 +0.956630161404537 
+0.892745098039216 +0.985933617479055 +0.939339357759135 
+0.000000000000000 +1.000000000000000 +0.500000000000000 
+0.000000000000000 +1.000000000000000 +0.500000000000000 
+0.408235294117647 +0.939401998734432 +0.673818646426039 
+0.629426847662142 +0.948038293946069 +0.788732570804106 
+0.000000000000000 +1.000000000000000 +0.500000000000000 
+0.667179487179487 +0.945231527106889 +0.806205507143188 
+0.753152337858220 +0.944649924646066 +0.848901131252143 
+0.717858220211161 +0.959634658222349 +0.838746439216755 
+0.884313725490196 +0.939842244063737 +0.912077984776967 
+0.884313725490196 +0.945429426834019 +0.914871576162107 
+0.904509803921569 +0.956783893963134 +0.930646848942351 
+0.892745098039216 +0.959891372374490 +0.926318235206853 
+0.884313725490196 +0.939588600993193 +0.911951163241695 
+0.900980392156863 +0.956957054136294 +0.928968723146578 
+0.904509803921569 +0.965274839637178 +0.934892321779373 
+0.904509803921569 +0.971162285524624 +0.937836044723096 
+0.764238310708899 +0.973796340645656 +0.869017325677277 
+0.776003016591252 +0.962825690612687 +0.869414353601969 
+0.842066365007542 +0.968305142667481 +0.905185753837511 
+0.842066365007542 +0.965642592021137 +0.903854478514339 
+0.791387631975867 +0.979495572920230 +0.885441602448049 
+0.814917043740573 +0.965525175191392 +0.890221109465982 
+0.826681749622926 +0.971239460905677 +0.898960605264302 
+0.826681749622926 +0.971239460905677 +0.898960605264302 
+0.909411764705882 +0.977222891585230 +0.943317328145556 
+0.909411764705882 +0.974405990176779 +0.941908877441331 
+0.912745098039216 +0.983116716070604 +0.947930907054910 
+0.897647058823529 +0.980299814662153 +0.938973436742841 
+0.894027149321267 +0.974365748728087 +0.934196449024677 
+0.909411764705882 +0.977222891585230 +0.943317328145556 
+0.876078431372549 +0.983116716070604 +0.929597573721576 
+0.892745098039216 +0.980299814662153 +0.936522456350684 
+0.936274509803922 +0.983116716070604 +0.959695612937263 
+0.948039215686274 +0.985856442098001 +0.966947828892138 
+0.924509803921569 +0.983116716070604 +0.953813259996086 
+0.904509803921569 +0.985856442098001 +0.945183123009785 
+0.912745098039216 +0.983116716070604 +0.947930907054910 
+0.892745098039216 +0.985856442098001 +0.939300770068608 
+0.892745098039216 +0.985856442098001 +0.939300770068608 
+0.892745098039216 +0.985856442098001 +0.939300770068608 
+0.959803921568627 +0.983116716070604 +0.971460318819616 
+0.959803921568627 +0.985856442098001 +0.972830181833314 
+0.936274509803922 +0.985856442098001 +0.961065475950961 
+0.904509803921569 +0.985856442098001 +0.945183123009785 
+0.936274509803922 +0.985856442098001 +0.961065475950961 
+0.892745098039216 +0.985856442098001 +0.939300770068608 
+0.892745098039216 +0.985856442098001 +0.939300770068608 
+0.892745098039216 +0.985856442098001 +0.939300770068608 
+0.988235294117647 +0.985933617479055 +0.987084455798351 
+0.976470588235294 +0.988673343506452 +0.982571965870873 
+0.976470588235294 +0.985933617479055 +0.981202102857174 
+0.964705882352941 +0.985933617479055 +0.975319749915998 
+0.952941176470588 +0.985933617479055 +0.969437396974821 
+0.941176470588235 +0.988673343506452 +0.964924907047343 
+0.929411764705882 +0.985933617479055 +0.957672691092468 
+0.909411764705882 +0.985933617479055 +0.947672691092468 
+1.000000000000000 +0.991490244914903 +0.995745122457451 
+0.988235294117647 +0.988673343506452 +0.988454318812049 
+0.988235294117647 +0.991490244914903 +0.989862769516275 
+0.988235294117647 +0.988673343506452 +0.988454318812049 
+0.988235294117647 +0.988673343506452 +0.988454318812049 
+0.964705882352941 +0.988673343506452 +0.976689612929696 
+0.964705882352941 +0.988673343506452 +0.976689612929696 
+0.921176470588235 +0.988673343506452 +0.954924907047344 
#1201
127
1
6 
1
5 
2
5 6 
1
4 
2
4 6 
2
4 5 
3
4 5 6 
1
3 
2
3 6 
2
3 5 
3
3 5 6 
2
3 4 
3
3 4 6 
3
3 4 5 
4
3 4 5 6 
1
2 
2
2 6 
2
2 5 
3
2 5 6 
2
2 4 
3
2 4 6 
3
2 4 5 
4
2 4 5 6 
2
2 3 
3
2 3 6 
3
2 3 5 
4
2 3 5 6 
3
2 3 4 
4
2 3 4 6 
4
2 3 4 5 
5
2 3 4 5 6 
1
1 
2
1 6 
2
1 5 
3
1 5 6 
2
1 4 
3
1 4 6 
3
1 4 5 
4
1 4 5 6 
2
1 3 
3
1 3 6 
3
1 3 5 
4
1 3 5 6 
3
1 3 4 
4
1 3 4 6 
4
1 3 4 5 
5
1 3 4 5 6 
2
1 2 
3
1 2 6 
3
1 2 5 
4
1 2 5 6 
3
1 2 4 
4
1 2 4 6 
4
1 2 4 5 
5
1 2 4 5 6 
3
1 2 3 
4
1 2 3 6 
4
1 2 3 5 
5
1 2 3 5 6 
4
1 2 3 4 
5
1 2 3 4 6 
5
1 2 3 4 5 
6
1 2 3 4 5 6 
1
0 
2
0 6 
2
0 5 
3
0 5 6 
2
0 4 
3
0 4 6 
3
0 4 5 
4
0 4 5 6 
2
0 3 
3
0 3 6 
3
0 3 5 
4
0 3 5 6 
3
0 3 4 
4
0 3 4 6 
4
0 3 4 5 
5
0 3 4 5 6 
2
0 2 
3
0 2 6 
3
0 2 5 
4
0 2 5 6 
3
0 2 4 
4
0 2 4 6 
4
0 2 4 5 
5
0 2 4 5 6 
3
0 2 3 
4
0 2 3 6 
4
0 2 3 5 
5
0 2 3 5 6 
4
0 2 3 4 
5
0 2 3 4 6 
5
0 2 3 4 5 
6
0 2 3 4 5 6 
2
0 1 
3
0 1 6 
3
0 1 5 
4
0 1 5 6 
3
0 1 4 
4
0 1 4 6 
4
0 1 4 5 
5
0 1 4 5 6 
3
0 1 3 
4
0 1 3 6 
4
0 1 3 5 
5
0 1 3 5 6 
4
0 1 3 4 
5
0 1 3 4 6 
5
0 1 3 4 5 
6
0 1 3 4 5 6 
3
0 1 2 
4
0 1 2 6 
4
0 1 2 5 
5
0 1 2 5 6 
4
0 1 2 4 
5
0 1 2 4 6 
5
0 1 2 4 5 
6
0 1 2 4 5 6 
4
0 1 2 3 
5
0 1 2 3 6 
5
0 1 2 3 5 
6
0 1 2 3 5 6 
5
0 1 2 3 4 
6
0 1 2 3 4 6 
6
0 1 2 3 4 5 
7
0 1 2 3 4 5 6 
#1107
+1.000000000000000
+1.000000000000000
+0.995745122457451
117
3
+0.000000000000000 +1.000000000000000 +0.500000000000000 
+0.000000000000000 +1.000000000000000 +0.500000000000000 
+0.011764705882353 +1.000000000000000 +0.505882352941176 
+0.213725490196078 +1.000000000000000 +0.606862745098039 
+0.407616892911011 +1.000000000000000 +0.703808446455505 
+0.524358974358974 +1.000000000000000 +0.762179487179487 
+0.524358974358974 +1.000000000000000 +0.762179487179487 
+0.524358974358974 +1.000000000000000 +0.762179487179487 
+0.524358974358974 +1.000000000000000 +0.762179487179487 
+0.524358974358974 +1.000000000000000 +0.762179487179487 
+0.524358974358974 +1.000000000000000 +0.762179487179487 
+0.524358974358974 +1.000000000000000 +0.762179487179487 
+0.524358974358974 +1.000000000000000 +0.762179487179487 
+0.000000000000000 +1.000000000000000 +0.500000000000000 
+0.155776772247360 +1.000000000000000 +0.577888386123680 
+0.520829562594268 +1.000000000000000 +0.760414781297134 
+0.808733031674208 +1.000000000000000 +0.904366515837104 
+0.844027149321267 +0.996969696969697 +0.920498423145482 
+0.867556561085973 +0.996969696969697 +0.932263129027835 
+0.867556561085973 +0.996969696969697 +0.932263129027835 
+0.867556561085973 +0.996969696969697 +0.932263129027835 
+0.867556561085973 +0.996969696969697 +0.932263129027835 
+0.867556561085973 +0.996969696969697 +0.932263129027835 
+0.867556561085973 +0.996969696969697 +0.932263129027835 
+0.867556561085973 +0.996969696969697 +0.932263129027835 
+0.867556561085973 +0.996969696969697 +0.932263129027835 
+0.606892911010558 +0.996969696969697 +0.801931303990127 
+0.824117647058823 +0.996969696969697 +0.910543672014260 
+0.847647058823529 +0.994229970942300 +0.920938514882915 
+0.871176470588235 +0.994229970942300 +0.932703220765267 
+0.938235294117647 +0.994229970942300 +0.966232632529973 
+0.938235294117647 +0.994229970942300 +0.966232632529973 
+0.938235294117647 +0.994229970942300 +0.966232632529973 
+0.938235294117647 +0.994229970942300 +0.966232632529973 
+0.938235294117647 +0.994229970942300 +0.966232632529973 
+0.938235294117647 +0.994229970942300 +0.966232632529973 
+0.938235294117647 +0.994229970942300 +0.966232632529973 
+0.938235294117647 +0.994229970942300 +0.966232632529973 
+0.938235294117647 +0.994229970942300 +0.966232632529973 
+0.876078431372549 +0.994229970942300 +0.935154201157424 
+0.876078431372549 +0.994229970942300 +0.935154201157424 
+0.896078431372549 +0.994229970942300 +0.945154201157424 
+0.954901960784314 +0.994229970942300 +0.974565965863307 
+0.954901960784314 +0.994229970942300 +0.974565965863307 
+0.954901960784314 +0.994229970942300 +0.974565965863307 
+0.954901960784314 +0.994229970942300 +0.974565965863307 
+0.954901960784314 +0.994229970942300 +0.974565965863307 
+0.938235294117647 +0.994229970942300 +0.966232632529973 
+0.938235294117647 +0.994229970942300 +0.966232632529973 
+0.938235294117647 +0.994229970942300 +0.966232632529973 
+0.954901960784314 +0.994229970942300 +0.974565965863307 
+0.954901960784314 +0.994229970942300 +0.974565965863307 
+0.892745098039216 +0.985933617479055 +0.939339357759135 
+0.892745098039216 +0.985933617479055 +0.939339357759135 
+0.929411764705882 +0.988673343506452 +0.959042554106167 
+0.976470588235294 +0.988673343506452 +0.982571965870873 
+1.000000000000000 +0.991490244914903 +0.995745122457451 
+0.983333333333333 +0.994229970942300 +0.988781652137816 
+0.983333333333333 +0.994229970942300 +0.988781652137816 
+0.983333333333333 +0.991153047865377 +0.987243190599355 
+0.983333333333333 +0.991153047865377 +0.987243190599355 
+0.983333333333333 +0.991153047865377 +0.987243190599355 
+0.983333333333333 +0.991153047865377 +0.987243190599355 
+0.966666666666667 +0.991153047865377 +0.978909857266022 
+0.966666666666667 +0.991153047865377 +0.978909857266022 
+0.909411764705882 +0.983116716070604 +0.946264240388243 
+0.909411764705882 +0.980299814662153 +0.944855789684018 
+0.909411764705882 +0.980299814662153 +0.944855789684018 
+0.929411764705882 +0.985856442098001 +0.957634103401942 
+0.941176470588235 +0.988673343506452 +0.964924907047343 
+1.000000000000000 +0.988673343506452 +0.994336671753226 
+0.983333333333333 +0.991490244914903 +0.987411789124118 
+0.983333333333333 +0.991490244914903 +0.987411789124118 
+0.983333333333333 +0.994229970942300 +0.988781652137816 
+0.983333333333333 +0.991153047865377 +0.987243190599355 
+0.966666666666667 +0.991153047865377 +0.978909857266022 
+0.983333333333333 +0.991153047865377 +0.987243190599355 
+0.983333333333333 +0.988122744835074 +0.985728039084203 
+0.909411764705882 +0.983116716070604 +0.946264240388243 
+0.909411764705882 +0.980299814662153 +0.944855789684018 
+0.909411764705882 +0.980299814662153 +0.944855789684018 
+0.909411764705882 +0.980299814662153 +0.944855789684018 
+0.909411764705882 +0.980299814662153 +0.944855789684018 
+0.929411764705882 +0.985856442098001 +0.957634103401942 
+0.971568627450980 +0.988673343506452 +0.980120985478716 
+0.983333333333333 +0.988673343506452 +0.986003338419893 
+0.983333333333333 +0.991490244914903 +0.987411789124118 
+0.983333333333333 +0.991490244914903 +0.987411789124118 
+0.966666666666667 +0.994229970942300 +0.980448318804483 
+0.966666666666667 +0.994229970942300 +0.980448318804483 
+0.966666666666667 +0.994229970942300 +0.980448318804483 
+0.000000000000000 +1.000000000000000 +0.500000000000000 
+0.892745098039216 +0.988750518887505 +0.940747808463360 
+0.909411764705882 +0.977222891585230 +0.943317328145556 
+0.909411764705882 +0.980299814662153 +0.944855789684018 
+0.909411764705882 +0.980299814662153 +0.944855789684018 
+0.909411764705882 +0.980299814662153 +0.944855789684018 
+0.929411764705882 +0.980299814662153 +0.954855789684018 
+0.941176470588235 +0.983039540689550 +0.962108005638893 
+0.971568627450980 +0.985856442098001 +0.978712534774491 
+0.983333333333333 +0.985856442098001 +0.984594887715667 
+0.983333333333333 +0.985856442098001 +0.984594887715667 
+0.983333333333333 +0.991490244914903 +0.987411789124118 
+0.966666666666667 +0.994229970942300 +0.980448318804483 
+0.000000000000000 +1.000000000000000 +0.500000000000000 
+0.000000000000000 +1.000000000000000 +0.500000000000000 
+0.040000000000000 +1.000000000000000 +0.520000000000000 
+0.909411764705882 +0.985933617479055 +0.947672691092468 
+0.909411764705882 +0.977222891585230 +0.943317328145556 
+0.909411764705882 +0.980299814662153 +0.944855789684018 
+0.909411764705882 +0.980299814662153 +0.944855789684018 
+0.909411764705882 +0.980299814662153 +0.944855789684018 
+0.929411764705882 +0.980299814662153 +0.954855789684018 
+0.941176470588235 +0.980299814662153 +0.960738142625194 
+0.959803921568627 +0.985856442098001 +0.972830181833314 
+0.983333333333333 +0.982779519021078 +0.983056426177205 
+0.983333333333333 +0.985856442098001 +0.984594887715667 
#1108
#1109
#1110
#1111
#1112
